-1.275471568107604980e+00 4.564473152160644531e+00
-1.199188590049743652e+00 3.336269378662109375e+00
-2.575436353683471680e+00 3.517503499984741211e+00
-1.647297620773315430e+00 2.688148975372314453e+00
-1.761867880821228027e+00 3.946426868438720703e+00
-1.844848513603210449e+00 3.671307086944580078e+00
4.022730886936187744e-01 4.961619377136230469e+00
-1.493573784828186035e+00 3.549320936203002930e+00
-2.718442916870117188e+00 2.722258090972900391e+00
-3.364934682846069336e+00 3.071962594985961914e+00
-5.543094873428344727e-01 3.194393157958984375e+00
-1.837825298309326172e+00 3.518322944641113281e+00
-1.159296154975891113e+00 3.832126379013061523e+00
-1.728628993034362793e+00 3.537315845489501953e+00
-2.636592388153076172e+00 3.168042898178100586e+00
-7.530869841575622559e-01 3.714339256286621094e+00
-2.416913270950317383e+00 2.677884817123413086e+00
-7.926466464996337891e-01 4.115853786468505859e+00
-1.389852881431579590e+00 3.458778619766235352e+00
-1.465365648269653320e+00 3.911343097686767578e+00
-1.353188753128051758e+00 4.403437137603759766e+00
-1.662216186523437500e+00 4.267419338226318359e+00
-1.861918449401855469e+00 2.832466602325439453e+00
-7.109006643295288086e-01 3.299902677536010742e+00
-1.651237726211547852e+00 3.235322475433349609e+00
-1.311183571815490723e+00 2.336211442947387695e+00
-1.230585813522338867e+00 4.308443069458007812e+00
-9.553324580192565918e-01 4.186783790588378906e+00
-1.835525155067443848e+00 4.585144042968750000e+00
-9.084268212318420410e-01 2.572231531143188477e+00
-3.022189855575561523e+00 3.126002073287963867e+00
-9.898321032524108887e-01 2.116245746612548828e+00
-1.260957360267639160e+00 3.905112028121948242e+00
-2.457065582275390625e+00 2.892327308654785156e+00
-1.259791851043701172e+00 4.417756557464599609e+00
-1.435979723930358887e+00 4.287628650665283203e+00
-1.011723160743713379e+00 2.260633945465087891e+00
-1.324463009834289551e+00 3.769416332244873047e+00
-3.201118707656860352e+00 3.383136034011840820e+00
-3.246483802795410156e+00 2.861887216567993164e+00
-9.658408761024475098e-01 3.488825082778930664e+00
-9.684084653854370117e-01 3.377232789993286133e+00
-1.059614181518554688e+00 4.322642803192138672e+00
-7.139294147491455078e-01 3.292372703552246094e+00
-1.908823490142822266e+00 3.679078817367553711e+00
-2.546681642532348633e+00 3.530872106552124023e+00
-6.405817866325378418e-01 4.352157115936279297e+00
-1.328815817832946777e+00 3.442289590835571289e+00
-1.919222831726074219e+00 2.685292482376098633e+00
-1.094823479652404785e+00 4.071439743041992188e+00
-2.693335533142089844e+00 2.468365192413330078e+00
-3.334439039230346680e+00 3.984578847885131836e+00
-2.139257192611694336e+00 3.501006364822387695e+00
-1.419279932975769043e+00 2.648119926452636719e+00
-1.307589650154113770e+00 5.035321712493896484e+00
-1.903934955596923828e+00 3.541760206222534180e+00
-1.591848611831665039e+00 3.360231876373291016e+00
-2.943952322006225586e+00 3.472122430801391602e+00
-1.214889883995056152e+00 4.222877502441406250e+00
-2.352453231811523438e+00 3.350996017456054688e+00
-1.601607799530029297e+00 3.090073585510253906e+00
-2.838699817657470703e+00 3.343852281570434570e+00
-5.726777315139770508e-01 4.194315910339355469e+00
-1.840528964996337891e+00 3.465769290924072266e+00
-2.191071510314941406e+00 2.873234510421752930e+00
-1.133999466896057129e+00 3.401019334793090820e+00
-1.392708301544189453e+00 2.982091903686523438e+00
-2.611862421035766602e+00 2.116288423538208008e+00
-3.655798435211181641e+00 4.488901615142822266e+00
-2.917273342609405518e-01 3.589300632476806641e+00
-2.907001972198486328e+00 3.534116744995117188e+00
-2.745593070983886719e+00 3.378468990325927734e+00
-2.579660177230834961e+00 4.464488506317138672e+00
-2.185871839523315430e+00 5.601934432983398438e+00
-2.460910081863403320e+00 4.094629764556884766e+00
-1.239067673683166504e+00 3.162018537521362305e+00
-2.585245847702026367e+00 4.288987159729003906e+00
-2.453327894210815430e+00 2.409906864166259766e+00
-1.360109090805053711e+00 3.988819837570190430e+00
-5.574253201484680176e-01 2.939383983612060547e+00
-2.572981834411621094e+00 5.524564743041992188e+00
-7.211425900459289551e-01 3.416050195693969727e+00
-2.522940158843994141e+00 2.546475410461425781e+00
-3.176391839981079102e+00 2.189750671386718750e+00
-1.850057244300842285e+00 3.823688030242919922e+00
-1.763841629028320312e+00 2.958184957504272461e+00
-2.861436605453491211e+00 2.525652170181274414e+00
-2.610358953475952148e+00 4.264698982238769531e+00
-6.803117394447326660e-01 4.063922882080078125e+00
-8.612487316131591797e-01 3.925882101058959961e+00
-2.089232206344604492e+00 3.993145227432250977e+00
-2.455917894840240479e-01 3.248466491699218750e+00
-2.536137819290161133e+00 3.192557811737060547e+00
-2.251157283782958984e+00 2.771102190017700195e+00
-1.332908630371093750e+00 3.178420066833496094e+00
-6.938970685005187988e-01 5.063260078430175781e+00
-2.381476640701293945e+00 3.620598077774047852e+00
-2.237257480621337891e+00 3.972542285919189453e+00
-1.345911264419555664e+00 3.707884550094604492e+00
-1.730479836463928223e+00 4.101951122283935547e+00
-2.329921007156372070e+00 3.182347536087036133e+00
-3.078596115112304688e+00 3.324648857116699219e+00
-1.293051242828369141e+00 3.072903633117675781e+00
-2.720068454742431641e+00 3.234553337097167969e+00
-1.929122328758239746e+00 1.491594672203063965e+00
-2.945202589035034180e+00 1.662032604217529297e+00
-2.677967548370361328e+00 3.431048870086669922e+00
-2.434791803359985352e+00 3.635671615600585938e+00
-3.299724102020263672e+00 1.910683989524841309e+00
-2.193586826324462891e+00 3.313560962677001953e+00
-2.860289335250854492e+00 2.784695625305175781e+00
-2.218055963516235352e+00 4.053636074066162109e+00
-1.641657471656799316e+00 3.568880081176757812e+00
-2.399688959121704102e+00 4.361816406250000000e+00
-1.533330798149108887e+00 3.831377983093261719e+00
-9.934016466140747070e-01 4.105938911437988281e+00
-1.959535121917724609e+00 2.615230798721313477e+00
-1.409855723381042480e+00 2.746632814407348633e+00
-1.464791774749755859e+00 4.135463714599609375e+00
-2.404834508895874023e+00 3.333356380462646484e+00
-1.863526701927185059e+00 3.558204412460327148e+00
-1.295506000518798828e+00 4.205944538116455078e+00
-1.219119668006896973e+00 4.011888980865478516e+00
-2.879495143890380859e+00 4.177222251892089844e+00
-2.213310956954956055e+00 3.604078292846679688e+00
-1.529500842094421387e+00 3.868437051773071289e+00
-2.137467145919799805e+00 2.307847976684570312e+00
-9.780023097991943359e-01 3.416978359222412109e+00
-1.697714090347290039e+00 3.055981874465942383e+00
-8.842943906784057617e-01 3.807166337966918945e+00
-1.267853856086730957e+00 4.248472213745117188e+00
-7.842182517051696777e-01 2.253295421600341797e+00
-1.615641713142395020e+00 3.742934703826904297e+00
-2.246287822723388672e+00 3.606444597244262695e+00
-2.563775062561035156e+00 3.606606483459472656e+00
-1.963342666625976562e+00 3.455109834671020508e+00
-1.076643943786621094e+00 2.630621433258056641e+00
-3.528122901916503906e+00 2.310791254043579102e+00
-1.853286981582641602e+00 2.876256942749023438e+00
-2.543131828308105469e+00 4.168037414550781250e+00
5.513300001621246338e-02 4.011581420898437500e+00
-2.852321147918701172e+00 1.938398838043212891e+00
-1.168156385421752930e+00 3.144455194473266602e+00
-1.391416430473327637e+00 2.788782835006713867e+00
-1.870891571044921875e+00 3.326033592224121094e+00
-1.739398986101150513e-01 2.560719728469848633e+00
-5.002788305282592773e-01 3.594599246978759766e+00
-6.615592837333679199e-01 2.094571828842163086e+00
-1.306569099426269531e+00 4.783130645751953125e+00
-2.526331424713134766e+00 2.890708684921264648e+00
-1.598413348197937012e+00 3.302959680557250977e+00
-2.355909347534179688e+00 2.349974393844604492e+00
-2.441196918487548828e+00 2.928820371627807617e+00
-1.233270049095153809e+00 3.089505434036254883e+00
-1.210265994071960449e+00 2.156077146530151367e+00
-1.633220672607421875e+00 1.900900006294250488e+00
-2.802511692047119141e+00 2.954946756362915039e+00
-1.043187618255615234e+00 3.190721035003662109e+00
-8.076693415641784668e-01 3.400187969207763672e+00
-9.310157895088195801e-01 3.047963380813598633e+00
-2.319425344467163086e+00 3.352881431579589844e+00
-1.389733195304870605e+00 2.602419376373291016e+00
-2.757574558258056641e+00 3.201451301574707031e+00
-1.419159293174743652e+00 4.427604198455810547e+00
-2.720928430557250977e+00 3.853645801544189453e+00
-1.893200635910034180e+00 2.179025888442993164e+00
-1.350743055343627930e+00 2.573082685470581055e+00
-7.656280398368835449e-01 3.362730026245117188e+00
-2.652769088745117188e+00 3.335755348205566406e+00
-1.732505917549133301e+00 2.750307798385620117e+00
-1.811097025871276855e+00 4.292590618133544922e+00
-5.595129728317260742e-01 3.866714000701904297e+00
-2.462229013442993164e+00 2.905626535415649414e+00
-6.739380955696105957e-01 3.199166774749755859e+00
-1.711097955703735352e+00 3.577242136001586914e+00
-1.513260483741760254e+00 3.902450323104858398e+00
-3.028495788574218750e+00 3.665599346160888672e+00
-2.993550539016723633e+00 3.528618812561035156e+00
-1.318362355232238770e+00 1.897811174392700195e+00
-6.370649337768554688e-01 3.041167020797729492e+00
-1.539841294288635254e+00 2.723747014999389648e+00
-1.303515911102294922e+00 3.181317806243896484e+00
-2.442171335220336914e+00 2.700479984283447266e+00
-2.076246023178100586e+00 2.060603618621826172e+00
-1.207803726196289062e+00 3.684246540069580078e+00
-2.555033922195434570e+00 2.602075815200805664e+00
-1.809874892234802246e+00 3.581036567687988281e+00
-8.704105615615844727e-01 1.711780190467834473e+00
-1.368500232696533203e+00 3.180893421173095703e+00
-1.098161458969116211e+00 3.221935510635375977e+00
-1.715051770210266113e+00 2.744952440261840820e+00
-1.915340065956115723e+00 4.158525466918945312e+00
-1.836624979972839355e+00 2.759433746337890625e+00
-1.978579759597778320e+00 4.718043804168701172e+00
-2.794849395751953125e+00 2.728124856948852539e+00
-1.123814225196838379e+00 3.403017759323120117e+00
-2.559410572052001953e+00 4.737972736358642578e+00
-2.391931533813476562e+00 4.071677207946777344e+00
-1.463179349899291992e+00 2.279565334320068359e+00
-1.301237940788269043e+00 3.441358089447021484e+00
-1.942680716514587402e+00 1.607843875885009766e+00
-1.349994242191314697e-01 3.468523740768432617e+00
-1.505386114120483398e+00 3.625020503997802734e+00
-1.515050172805786133e+00 3.410496711730957031e+00
-1.430383443832397461e+00 3.853946685791015625e+00
-1.177894711494445801e+00 3.100500822067260742e+00
-1.387692093849182129e+00 4.230679035186767578e+00
-1.688961148262023926e+00 2.560762643814086914e+00
-1.629090070724487305e+00 4.676534175872802734e+00
-8.885542750358581543e-01 3.575177669525146484e+00
-1.696727395057678223e+00 2.270292758941650391e+00
-2.022797107696533203e+00 2.471579790115356445e+00
-2.016892671585083008e+00 4.101012229919433594e+00
-2.095091342926025391e+00 4.942629337310791016e+00
-1.545098900794982910e+00 2.978954315185546875e+00
-1.436011791229248047e+00 4.222966194152832031e+00
-1.965454101562500000e+00 3.337564468383789062e+00
-2.221144199371337891e+00 3.748750686645507812e+00
-2.210651636123657227e+00 1.734192848205566406e+00
-1.288968205451965332e+00 2.798012733459472656e+00
-3.102885484695434570e+00 3.753074645996093750e+00
-7.979187965393066406e-01 2.907676935195922852e+00
-2.459150075912475586e+00 4.112113475799560547e+00
-1.355898499488830566e+00 3.498981952667236328e+00
-1.102614164352416992e+00 2.444223403930664062e+00
-2.821625232696533203e+00 2.017288684844970703e+00
-2.601161718368530273e+00 3.101487398147583008e+00
-1.622521162033081055e+00 3.096458911895751953e+00
-1.289801001548767090e+00 2.329221487045288086e+00
-3.422486305236816406e+00 3.644593954086303711e+00
-1.724454164505004883e+00 3.110925197601318359e+00
-3.156580686569213867e+00 3.079350948333740234e+00
-1.224955841898918152e-01 2.452531576156616211e+00
-2.142317295074462891e+00 4.672700881958007812e+00
1.897160857915878296e-01 2.969766139984130859e+00
-1.412827491760253906e+00 2.536257505416870117e+00
-2.808959484100341797e+00 2.959225654602050781e+00
-1.680211067199707031e+00 3.808715343475341797e+00
-2.623347282409667969e+00 2.611486434936523438e+00
-1.376028418540954590e+00 3.103410005569458008e+00
-1.346532940864562988e+00 3.467912673950195312e+00
-1.715024232864379883e+00 2.690610885620117188e+00
-2.000401735305786133e+00 3.425338268280029297e+00
-4.674645662307739258e-01 3.596911907196044922e+00
-1.199836850166320801e+00 3.587367057800292969e+00
-2.233357429504394531e+00 3.728507518768310547e+00
-5.089728236198425293e-01 1.609000205993652344e+00
-1.013755798339843750e+00 3.439638853073120117e+00
-2.941649198532104492e+00 2.588612318038940430e+00
-2.115133523941040039e+00 3.284004688262939453e+00
