2.201339721679687500e+00 2.027515619993209839e-01
3.465515375137329102e+00 1.402500629425048828e+00
4.911373615264892578e+00 6.125536561012268066e-01
5.896988868713378906e+00 -7.168497443199157715e-01
4.617366313934326172e+00 -7.330463528633117676e-01
3.235340833663940430e+00 -6.453708410263061523e-01
5.063570976257324219e+00 3.858855664730072021e-01
4.725302696228027344e+00 -1.392837762832641602e+00
4.311347961425781250e+00 6.152546405792236328e-01
3.303010225296020508e+00 2.971982061862945557e-01
4.741435527801513672e+00 -1.410939246416091919e-01
3.137212514877319336e+00 4.664138257503509521e-01
4.411587238311767578e+00 -2.991191809996962547e-03
1.381451725959777832e+00 7.674368023872375488e-01
3.953862667083740234e+00 -1.164723038673400879e+00
2.886745214462280273e+00 -4.839985668659210205e-01
3.448776721954345703e+00 -4.235491156578063965e-01
3.835603713989257812e+00 4.757285416126251221e-01
4.672414779663085938e+00 1.577836722135543823e-01
2.436897754669189453e+00 1.044219493865966797e+00
3.299386739730834961e+00 1.451862901449203491e-01
4.375902652740478516e+00 -2.739059031009674072e-01
2.882061481475830078e+00 -4.070511162281036377e-01
4.570311069488525391e+00 1.419285982847213745e-01
2.418170213699340820e+00 -1.388383030891418457e+00
4.378901958465576172e+00 2.774745225906372070e-01
4.042348861694335938e+00 -4.864270985126495361e-01
3.661480665206909180e+00 1.487626552581787109e+00
3.368320465087890625e+00 -2.380206584930419922e-01
3.752752304077148438e+00 -1.239976644515991211e+00
3.459595441818237305e+00 2.573565840721130371e-01
3.291065454483032227e+00 2.730708420276641846e-01
3.060337066650390625e+00 4.307787716388702393e-01
3.937263250350952148e+00 -1.415067911148071289e+00
3.842560768127441406e+00 3.645742833614349365e-01
4.292338371276855469e+00 9.007394313812255859e-02
3.615192174911499023e+00 -5.004044771194458008e-01
3.197939872741699219e+00 -1.950799226760864258e-01
3.496076583862304688e+00 6.952436566352844238e-01
5.191855907440185547e+00 2.967291772365570068e-01
3.664769411087036133e+00 2.646105587482452393e-01
3.950667142868041992e+00 6.360523700714111328e-01
3.695147275924682617e+00 -3.464280068874359131e-01
3.952470779418945312e+00 5.073894858360290527e-01
4.006653308868408203e+00 -2.638546749949455261e-02
2.870006799697875977e+00 2.926551997661590576e-01
2.988083362579345703e+00 -2.305077910423278809e-01
4.083341598510742188e+00 6.807349324226379395e-01
3.312095403671264648e+00 -3.246959745883941650e-01
4.780512332916259766e+00 3.160806000232696533e-01
3.379810810089111328e+00 -2.356329560279846191e-01
3.717587947845458984e+00 1.519772529602050781e+00
3.807404756546020508e+00 2.213509827852249146e-01
3.946013689041137695e+00 1.116873860359191895e+00
4.331509113311767578e+00 -1.010976910591125488e+00
2.975200176239013672e+00 -4.608191549777984619e-01
2.192903995513916016e+00 -4.635448753833770752e-01
4.006963253021240234e+00 -1.245115175843238831e-01
3.521599292755126953e+00 8.181139230728149414e-01
3.611492156982421875e+00 -8.482701182365417480e-01
4.594392299652099609e+00 8.348291367292404175e-02
4.634559154510498047e+00 1.545699596405029297e+00
3.188815116882324219e+00 2.317376434803009033e-01
1.983342885971069336e+00 4.329347312450408936e-01
3.930803060531616211e+00 -5.934024453163146973e-01
5.248989582061767578e+00 -6.098477169871330261e-02
5.329830646514892578e+00 -1.185223579406738281e+00
4.160268783569335938e+00 -2.289953976869583130e-01
3.176227331161499023e+00 -2.030806094408035278e-01
3.102134227752685547e+00 -1.026469826698303223e+00
3.434631586074829102e+00 1.072454303503036499e-01
2.440288782119750977e+00 1.761562526226043701e-01
2.747309446334838867e+00 -1.056229695677757263e-01
5.060431957244873047e+00 1.553759574890136719e+00
2.362302064895629883e+00 -6.488837003707885742e-01
3.225060462951660156e+00 -4.943258464336395264e-01
2.186120033264160156e+00 -1.787013560533523560e-01
2.898441791534423828e+00 -3.303686380386352539e-01
3.964869260787963867e+00 -5.068650245666503906e-01
3.573182821273803711e+00 1.359946131706237793e-01
4.233518600463867188e+00 6.247594356536865234e-01
3.010594367980957031e+00 6.602972745895385742e-01
3.638266324996948242e+00 -1.017188191413879395e+00
3.122175216674804688e+00 -9.240286052227020264e-02
3.498906850814819336e+00 1.065268993377685547e+00
3.323433160781860352e+00 3.954561948776245117e-01
3.807760238647460938e+00 -1.180481910705566406e+00
2.187425374984741211e+00 1.324984729290008545e-01
4.740487098693847656e+00 1.290485858917236328e-01
4.317638397216796875e+00 -4.460462629795074463e-01
4.886328220367431641e+00 -4.670981317758560181e-02
3.987917423248291016e+00 7.498530745506286621e-01
4.009837150573730469e+00 5.700708031654357910e-01
3.187809944152832031e+00 -5.946341156959533691e-01
4.225543498992919922e+00 1.011394113302230835e-01
4.510248184204101562e+00 -1.402705013751983643e-01
1.781201243400573730e+00 5.482889413833618164e-01
4.386963367462158203e+00 4.079083204269409180e-01
4.262980461120605469e+00 -1.799934387207031250e+00
3.281251907348632812e+00 1.280592203140258789e+00
2.305801153182983398e+00 6.043090224266052246e-01
3.403635025024414062e+00 5.485373735427856445e-01
4.826958656311035156e+00 -3.765065371990203857e-01
2.339932203292846680e+00 -7.910346239805221558e-02
4.223704338073730469e+00 -4.543524980545043945e-02
3.430205821990966797e+00 -1.638878583908081055e+00
2.969337463378906250e+00 3.949423134326934814e-01
2.871474742889404297e+00 -2.125168889760971069e-01
4.121623039245605469e+00 -5.320891737937927246e-01
4.395263195037841797e+00 -1.572390794754028320e-01
3.766814947128295898e+00 2.717578113079071045e-01
2.627576112747192383e+00 -1.002441570162773132e-01
3.158617973327636719e+00 4.141044020652770996e-01
3.499932050704956055e+00 -2.770457565784454346e-01
3.911230087280273438e+00 7.029920816421508789e-01
3.949061632156372070e+00 -2.385533303022384644e-01
4.152584075927734375e+00 -1.568680763244628906e+00
4.664197921752929688e+00 8.545367717742919922e-01
2.754688739776611328e+00 1.642169237136840820e+00
4.089457988739013672e+00 2.431173473596572876e-01
3.456199407577514648e+00 -3.464742004871368408e-01
5.712718963623046875e+00 -9.832278639078140259e-02
3.598900794982910156e+00 -1.890302419662475586e+00
4.114553451538085938e+00 -3.509751856327056885e-01
3.645492315292358398e+00 -6.853197813034057617e-01
2.643692731857299805e+00 -7.664354443550109863e-01
5.679249286651611328e+00 -1.858624815940856934e+00
3.970249176025390625e+00 3.458746671676635742e-01
2.340251445770263672e+00 8.949064649641513824e-03
3.542007684707641602e+00 5.905941501259803772e-02
2.741573095321655273e+00 -1.354827046394348145e+00
4.503798961639404297e+00 -5.019307881593704224e-02
3.927001237869262695e+00 2.914817035198211670e-01
4.301393985748291016e+00 5.824075937271118164e-01
4.908944129943847656e+00 -7.033053636550903320e-01
3.434658050537109375e+00 -5.771138668060302734e-01
4.630238056182861328e+00 -5.315002202987670898e-01
4.529213428497314453e+00 -3.255462944507598877e-01
4.452203273773193359e+00 7.221651077270507812e-01
5.970527648925781250e+00 -3.876470029354095459e-01
4.560090541839599609e+00 1.513730883598327637e-01
3.436998367309570312e+00 -5.391557812690734863e-01
3.349411725997924805e+00 -4.736437648534774780e-02
2.913464784622192383e+00 3.112348914146423340e-01
4.041750907897949219e+00 6.729241460561752319e-02
3.875993490219116211e+00 2.298922538757324219e-01
5.794615745544433594e+00 3.325318992137908936e-01
3.788393974304199219e+00 4.374949932098388672e-01
3.955366134643554688e+00 -3.177306652069091797e-01
3.328654766082763672e+00 -7.001767307519912720e-02
4.333640098571777344e+00 9.222390651702880859e-01
3.771253347396850586e+00 -4.121222496032714844e-01
2.754600286483764648e+00 -9.970058202743530273e-01
3.364881515502929688e+00 1.316243857145309448e-01
3.260494232177734375e+00 -1.557274818420410156e+00
3.851422548294067383e+00 -7.378305196762084961e-01
3.753832340240478516e+00 -5.454815030097961426e-01
3.337662458419799805e+00 -8.987364768981933594e-01
4.637573719024658203e+00 1.397773921489715576e-01
3.375297546386718750e+00 -1.454175114631652832e-01
3.936926126480102539e+00 6.124065518379211426e-01
4.077794551849365234e+00 -5.846247076988220215e-01
2.894801855087280273e+00 -5.301818847656250000e-01
4.106330394744873047e+00 -8.453465700149536133e-01
4.697768688201904297e+00 7.740953564643859863e-01
3.881452083587646484e+00 2.437831610441207886e-01
3.175750017166137695e+00 -4.293660223484039307e-01
4.028713703155517578e+00 9.735394716262817383e-01
3.212019205093383789e+00 -2.039561271667480469e+00
3.332294225692749023e+00 -3.351780772209167480e-01
3.484449148178100586e+00 6.337185949087142944e-02
3.173997402191162109e+00 -1.007996797561645508e+00
4.372653007507324219e+00 -5.232497453689575195e-01
4.893936634063720703e+00 -1.071162462234497070e+00
4.174430370330810547e+00 2.794034406542778015e-02
4.479078769683837891e+00 -1.155959814786911011e-01
3.037843465805053711e+00 1.104319334030151367e+00
2.155962944030761719e+00 1.522908657789230347e-01
3.499675989151000977e+00 9.466159343719482422e-02
2.679937124252319336e+00 1.506348252296447754e-01
3.704577445983886719e+00 7.226612567901611328e-01
2.978021860122680664e+00 -1.037292852997779846e-01
3.950893878936767578e+00 8.859691619873046875e-01
2.378007650375366211e+00 -7.904573082923889160e-01
2.823145151138305664e+00 3.213036358356475830e-01
3.673379659652709961e+00 2.103637605905532837e-01
4.607222557067871094e+00 3.420183658599853516e-01
3.591376781463623047e+00 6.086896061897277832e-01
3.811288118362426758e+00 3.009072840213775635e-01
4.927346706390380859e+00 -1.211281418800354004e+00
2.923975467681884766e+00 3.136666119098663330e-01
2.838896274566650391e+00 4.469604790210723877e-01
3.732166528701782227e+00 -8.853673338890075684e-01
4.171577453613281250e+00 3.989493548870086670e-01
3.091846466064453125e+00 -5.359157323837280273e-01
3.070885896682739258e+00 -1.007843464612960815e-01
3.754972934722900391e+00 3.147888779640197754e-01
2.849283456802368164e+00 -6.129333376884460449e-01
3.671374559402465820e+00 -1.514015793800354004e+00
3.450639724731445312e+00 -8.413946628570556641e-01
3.256327152252197266e+00 4.399667978286743164e-01
5.794381618499755859e+00 3.017672896385192871e-01
3.913062572479248047e+00 -4.509146884083747864e-02
2.722876787185668945e+00 1.351270914077758789e+00
4.719938278198242188e+00 -1.009014368057250977e+00
4.141819953918457031e+00 1.331974148750305176e+00
3.282681941986083984e+00 -7.715504616498947144e-02
3.124657392501831055e+00 1.185820460319519043e+00
4.202949523925781250e+00 -4.131986796855926514e-01
5.176402091979980469e+00 -9.266241788864135742e-01
2.287999391555786133e+00 6.832143664360046387e-01
4.592289447784423828e+00 -4.539984762668609619e-01
3.557392597198486328e+00 2.428936399519443512e-02
3.918804168701171875e+00 -1.123824939131736755e-01
3.734988689422607422e+00 -2.695913426578044891e-02
3.683669090270996094e+00 -9.741722792387008667e-02
4.177649974822998047e+00 -6.611182689666748047e-01
3.345364093780517578e+00 -9.979969263076782227e-02
4.797984600067138672e+00 -1.516178846359252930e-01
4.227806091308593750e+00 6.300229430198669434e-01
4.963961601257324219e+00 7.573946118354797363e-01
4.230667591094970703e+00 1.504308581352233887e+00
3.144488096237182617e+00 5.432193279266357422e-01
3.996562719345092773e+00 2.010482400655746460e-01
4.303893566131591797e+00 -5.543848276138305664e-01
3.387430906295776367e+00 -1.584307074546813965e+00
5.280053138732910156e+00 -3.170045316219329834e-01
4.014348983764648438e+00 -1.344399094581604004e+00
3.660636663436889648e+00 -1.049063682556152344e+00
3.520434856414794922e+00 3.252946734428405762e-01
3.250614881515502930e+00 2.145030498504638672e-01
3.926430702209472656e+00 6.028426289558410645e-01
3.714582204818725586e+00 5.841259956359863281e-01
3.360276699066162109e+00 -3.720059394836425781e-01
3.969945907592773438e+00 -2.057922780513763428e-01
4.890343189239501953e+00 -2.797119915485382080e-01
4.249213695526123047e+00 -1.359196662902832031e+00
2.676595211029052734e+00 7.752482891082763672e-01
5.264271736145019531e+00 4.680737555027008057e-01
3.627660989761352539e+00 -4.467497393488883972e-02
4.246182918548583984e+00 -7.253066301345825195e-01
2.850300788879394531e+00 4.877030849456787109e-03
5.114085674285888672e+00 -1.133149623870849609e+00
3.323315858840942383e+00 -2.385439425706863403e-01
3.754457473754882812e+00 -7.122790068387985229e-02
4.148320198059082031e+00 -1.000545825809240341e-02
5.777761936187744141e+00 -6.502926349639892578e-01
2.454225063323974609e+00 -3.486225605010986328e-01
4.350688457489013672e+00 -2.339976072311401367e+00
4.191594600677490234e+00 5.988033413887023926e-01
