-2.388819932937622070e+00 -3.431933641433715820e+00
-3.268000364303588867e+00 -2.258453130722045898e+00
-1.651079058647155762e+00 -2.190779685974121094e+00
-1.605609774589538574e+00 -2.565693616867065430e+00
-3.203506231307983398e+00 -3.405916452407836914e+00
-2.534743547439575195e+00 -2.616966485977172852e+00
-3.678681135177612305e+00 -2.712880849838256836e+00
-1.389789223670959473e+00 -2.112412214279174805e+00
-3.719547748565673828e+00 -2.703664302825927734e+00
-2.230706214904785156e+00 -3.266055583953857422e+00
-1.906362891197204590e+00 -3.513193130493164062e+00
-2.911979675292968750e+00 -3.503729581832885742e+00
-3.255545377731323242e+00 -2.457363367080688477e+00
-3.052631616592407227e+00 -2.357408523559570312e+00
-2.328972816467285156e+00 -2.650613069534301758e+00
-1.687813997268676758e+00 -2.039832592010498047e+00
-3.124311685562133789e+00 -3.720167636871337891e+00
-2.852933406829833984e+00 -3.664571523666381836e+00
-3.168038368225097656e+00 -2.542150020599365234e+00
-2.366876602172851562e+00 -2.054699420928955078e+00
-1.068457961082458496e+00 -3.142070055007934570e+00
-3.204896211624145508e+00 -2.665215492248535156e+00
-6.479575634002685547e-01 -2.025162935256958008e+00
-2.055290460586547852e+00 -2.764806747436523438e+00
-2.986209154129028320e+00 -2.675600767135620117e+00
-2.610580921173095703e+00 -3.986110448837280273e+00
-1.341541290283203125e+00 -2.454210042953491211e+00
-1.340389966964721680e+00 -2.818860292434692383e+00
-1.666003346443176270e+00 -2.192348241806030273e+00
-2.816462993621826172e+00 -4.162016868591308594e+00
-1.916410923004150391e+00 -2.411628007888793945e+00
-2.573551177978515625e+00 -3.477838039398193359e+00
-2.666507244110107422e+00 -3.405520439147949219e+00
-1.595506787300109863e+00 -4.029072761535644531e+00
-2.914003372192382812e+00 -2.666004896163940430e+00
-3.627978324890136719e+00 -3.254985809326171875e+00
-1.765539169311523438e+00 -3.893844127655029297e+00
-7.931290268898010254e-01 -2.770527601242065430e+00
-2.530433654785156250e+00 -2.923446893692016602e+00
-1.140173912048339844e+00 -1.841981053352355957e+00
-3.789669513702392578e+00 -3.521587610244750977e+00
-3.193124294281005859e+00 -2.567087411880493164e+00
-1.237632751464843750e+00 -1.909570097923278809e+00
-1.888733744621276855e+00 -2.308856487274169922e+00
-3.816517829895019531e+00 -2.783713340759277344e+00
-2.638974905014038086e+00 -2.882428884506225586e+00
-2.229392051696777344e+00 -2.934637546539306641e+00
-3.967924833297729492e+00 -1.787679553031921387e+00
-2.475758314132690430e+00 -2.640421390533447266e+00
-3.022693395614624023e+00 -3.034567594528198242e+00
-2.884658336639404297e+00 -2.656765222549438477e+00
-1.297107458114624023e+00 -2.568052053451538086e+00
-1.381910085678100586e+00 -1.897438287734985352e+00
-2.417098045349121094e+00 -2.238398790359497070e+00
-1.678431510925292969e+00 -2.468874454498291016e+00
-1.840703785419464111e-01 -3.902809858322143555e+00
-2.887628793716430664e+00 -3.318604469299316406e+00
-2.477183580398559570e+00 -4.062831401824951172e+00
-2.611957311630249023e+00 -2.570181608200073242e+00
-1.129196643829345703e+00 -4.265288352966308594e+00
-2.951828241348266602e+00 -3.514018535614013672e+00
-2.961857080459594727e+00 -3.600005865097045898e+00
-3.864290475845336914e+00 -1.791847825050354004e+00
-3.269226551055908203e+00 -2.348069667816162109e+00
-2.687023401260375977e+00 -3.996242284774780273e+00
-1.200786232948303223e+00 -3.151756525039672852e+00
-2.579403877258300781e+00 -3.257625102996826172e+00
-1.551981329917907715e+00 -3.885076284408569336e+00
-9.949550628662109375e-01 -2.451945543289184570e+00
-2.123120307922363281e+00 -1.890446066856384277e+00
-1.849201560020446777e+00 -3.282048463821411133e+00
-2.203848123550415039e+00 -4.024586677551269531e+00
-1.037426114082336426e+00 -1.948479056358337402e+00
-2.487887382507324219e+00 -3.082987546920776367e+00
-1.791606783866882324e+00 -2.171394586563110352e+00
-2.072592258453369141e+00 -2.995145320892333984e+00
-1.649663090705871582e+00 -2.577543020248413086e+00
-1.632855534553527832e+00 -2.692913770675659180e+00
-1.931974053382873535e+00 -2.633859872817993164e+00
-1.816330313682556152e+00 -2.677504062652587891e+00
-3.891211032867431641e+00 -2.570104360580444336e+00
-1.624117851257324219e+00 -2.217524290084838867e+00
-2.388940811157226562e+00 -2.622366189956665039e+00
-2.396185874938964844e+00 -1.444016575813293457e+00
-3.487640857696533203e+00 -3.544471502304077148e+00
-2.437825679779052734e+00 -1.861616373062133789e+00
-1.869569063186645508e+00 -1.569496154785156250e+00
-2.304444789886474609e+00 -3.142050027847290039e+00
-1.420445799827575684e+00 -2.473420619964599609e+00
-2.644230604171752930e+00 -3.465963363647460938e+00
-3.292538642883300781e+00 -2.882840394973754883e+00
-2.098171472549438477e+00 -1.904595375061035156e+00
-2.145009040832519531e+00 -1.469056248664855957e+00
-1.805280566215515137e+00 -3.564026117324829102e+00
-1.876579523086547852e+00 -3.736724615097045898e+00
3.481913730502128601e-02 -3.430602312088012695e+00
-1.298681020736694336e+00 -3.684412479400634766e+00
-2.980711460113525391e+00 -3.095928430557250977e+00
-4.251772165298461914e-01 -4.306012153625488281e+00
-2.474826335906982422e+00 -3.330944538116455078e+00
-9.173474907875061035e-01 -2.432567358016967773e+00
-2.623164653778076172e+00 -2.415594339370727539e+00
-2.128134727478027344e+00 -4.351230621337890625e+00
-2.638560533523559570e+00 -1.893234610557556152e+00
-2.219353914260864258e+00 -2.756136894226074219e+00
-1.092757225036621094e+00 -2.987425565719604492e+00
-3.208309412002563477e+00 -2.919578075408935547e+00
-1.647211670875549316e+00 -2.742059946060180664e+00
-2.385669231414794922e+00 -1.432256579399108887e+00
-2.678897857666015625e+00 -1.726401686668395996e+00
-2.059031248092651367e+00 -2.536878824234008789e+00
-1.693028330802917480e+00 -3.511266469955444336e+00
-3.334822416305541992e+00 -3.199564933776855469e+00
-2.233195304870605469e+00 -3.537578821182250977e+00
-3.051528453826904297e+00 -3.065230607986450195e+00
-2.192943096160888672e+00 -2.694509506225585938e+00
-3.475912570953369141e+00 -2.864373683929443359e+00
-2.187016725540161133e+00 -2.629194974899291992e+00
-2.761166810989379883e+00 -2.882916212081909180e+00
-2.376111984252929688e+00 -4.026951313018798828e+00
-2.950773477554321289e+00 -2.314010858535766602e+00
-1.406369447708129883e+00 -3.024057388305664062e+00
-2.588388681411743164e+00 -1.407364130020141602e+00
-2.686150789260864258e+00 -2.168054103851318359e+00
-3.176179885864257812e+00 -3.193525314331054688e+00
-3.423177242279052734e+00 -2.418965578079223633e+00
-1.841960191726684570e+00 -2.209556818008422852e+00
-2.729383468627929688e+00 -3.213038206100463867e+00
-2.307293653488159180e+00 -3.205415964126586914e+00
-1.675205349922180176e+00 -2.541256189346313477e+00
-2.522051095962524414e+00 -3.278711318969726562e+00
-2.832776546478271484e+00 -3.205991983413696289e+00
-2.719682216644287109e+00 -1.926120877265930176e+00
-1.297665953636169434e+00 -1.626546978950500488e+00
-2.719837427139282227e+00 -1.468559503555297852e+00
-3.128739595413208008e+00 -2.641756534576416016e+00
-2.988012552261352539e+00 -1.624051451683044434e+00
-1.932791829109191895e+00 -3.876925230026245117e+00
-7.960056662559509277e-01 -2.834263086318969727e+00
-2.772552728652954102e+00 -4.329987049102783203e+00
-3.321373224258422852e+00 -3.931438922882080078e+00
-1.539561390876770020e+00 -2.049738407135009766e+00
-2.183255195617675781e+00 -1.667732357978820801e+00
-2.828423023223876953e+00 -2.620356321334838867e+00
-6.480326652526855469e-01 -2.003023386001586914e+00
-2.559056997299194336e+00 -2.884582996368408203e+00
-1.768631815910339355e+00 -3.401444196701049805e+00
-1.550214052200317383e+00 -2.166208982467651367e+00
-3.276747941970825195e+00 -1.390304803848266602e+00
-2.106979846954345703e+00 -2.917800188064575195e+00
-1.361344933509826660e+00 -3.405418872833251953e+00
-2.805946111679077148e+00 -2.284013986587524414e+00
-3.094874620437622070e+00 -4.247135162353515625e+00
-1.051290392875671387e+00 -4.201534748077392578e+00
-1.569894671440124512e+00 -2.884411096572875977e+00
-2.895228147506713867e+00 -2.097221851348876953e+00
-2.875327348709106445e+00 -3.579697608947753906e+00
-2.651185750961303711e+00 -1.781149983406066895e+00
-2.050043344497680664e+00 -3.147408962249755859e+00
-1.727169990539550781e+00 -4.306253910064697266e+00
-2.172310829162597656e+00 -2.601850032806396484e+00
-1.565768599510192871e+00 -3.496083498001098633e+00
-2.502717256546020508e+00 -2.224895477294921875e+00
-2.710067749023437500e+00 -2.315329074859619141e+00
-2.621221303939819336e+00 -4.267071247100830078e+00
-2.260977268218994141e+00 -2.956038475036621094e+00
-2.927812814712524414e+00 -4.007881641387939453e+00
-2.585310220718383789e+00 -2.822981119155883789e+00
-3.058726549148559570e+00 -2.430732250213623047e+00
-2.304606914520263672e+00 -2.740181922912597656e+00
-8.533318638801574707e-01 -2.484642505645751953e+00
-9.358496069908142090e-01 -2.901450157165527344e+00
-3.010892152786254883e+00 -3.246966838836669922e+00
-2.063885450363159180e+00 -2.093599796295166016e+00
-1.793448805809020996e+00 -1.790516018867492676e+00
-1.831009149551391602e+00 -2.091823339462280273e+00
-2.571323633193969727e+00 -2.952518939971923828e+00
-1.735918164253234863e+00 -2.116084814071655273e+00
-1.673460125923156738e+00 -2.062329292297363281e+00
-1.589267611503601074e+00 -1.789681673049926758e+00
-2.871475219726562500e+00 -3.969837665557861328e+00
-2.012291669845581055e+00 -2.095944166183471680e+00
-1.299780011177062988e+00 -4.279712677001953125e+00
-2.399981975555419922e+00 -1.550214052200317383e+00
-1.270182728767395020e+00 -2.089592218399047852e+00
-1.967849493026733398e+00 -3.368690729141235352e+00
-2.663451671600341797e+00 -2.754561424255371094e+00
-2.455180644989013672e+00 -3.231343507766723633e+00
-9.302702546119689941e-01 -2.337765216827392578e+00
-3.619216918945312500e+00 -2.415333986282348633e+00
-2.214697599411010742e+00 -2.225332260131835938e+00
-2.505463361740112305e+00 -2.920789480209350586e+00
-2.240518331527709961e+00 -1.950910925865173340e+00
-2.450185298919677734e+00 -3.990479946136474609e+00
-2.134858131408691406e+00 -3.259668827056884766e+00
-1.970378518104553223e+00 -3.762555599212646484e+00
-9.443180561065673828e-01 -2.444267749786376953e+00
-1.978044033050537109e+00 -8.137173652648925781e-01
-3.116742610931396484e+00 -3.385518312454223633e+00
-2.095078229904174805e+00 -4.327357292175292969e+00
-4.011486053466796875e+00 -3.496899366378784180e+00
-9.852880835533142090e-01 -1.219239473342895508e+00
-9.097779989242553711e-01 -3.050613880157470703e+00
-2.124171257019042969e+00 -1.726103305816650391e+00
-2.015061855316162109e+00 -3.365444183349609375e+00
-2.711352348327636719e+00 -3.221903085708618164e+00
-1.627257227897644043e+00 -1.838821530342102051e+00
-3.195150375366210938e+00 -2.565917015075683594e+00
-1.782565593719482422e+00 -3.002353191375732422e+00
-1.866766214370727539e+00 -3.079032182693481445e+00
-2.149415731430053711e+00 -1.831494450569152832e+00
-2.562748670578002930e+00 -2.208605289459228516e+00
1.512183099985122681e-01 -2.525346755981445312e+00
-2.977389574050903320e+00 -4.396180152893066406e+00
-3.494911432266235352e+00 -1.272520661354064941e+00
-2.680438280105590820e+00 -2.125515937805175781e+00
-2.647987604141235352e+00 -2.522115707397460938e+00
-3.750633716583251953e+00 -3.433398008346557617e+00
-3.969301462173461914e+00 -1.932120323181152344e+00
-8.423065543174743652e-01 -3.071053266525268555e+00
-2.989766359329223633e+00 -1.559214949607849121e+00
-1.922791004180908203e+00 -2.202821016311645508e+00
-2.906533956527709961e+00 -4.066887199878692627e-01
-2.363770008087158203e+00 -3.898436546325683594e+00
-1.289193511009216309e+00 -2.611773967742919922e+00
-8.634891510009765625e-01 -3.452542066574096680e+00
-2.704312086105346680e+00 -2.334135770797729492e+00
-2.432014942169189453e+00 -1.481228113174438477e+00
-3.466176748275756836e+00 -2.017281055450439453e+00
-2.554061889648437500e+00 -3.485413074493408203e+00
-3.122079610824584961e+00 -3.225947380065917969e+00
-1.497053384780883789e+00 -1.414710640907287598e+00
-3.699125289916992188e+00 -2.818738460540771484e+00
-8.583695888519287109e-01 -4.199687957763671875e+00
-1.990087389945983887e+00 -3.080277681350708008e+00
-2.373093128204345703e+00 -2.440678119659423828e+00
-2.713895082473754883e+00 -3.301038265228271484e+00
-1.067286133766174316e+00 -3.674669027328491211e+00
-1.437050342559814453e+00 -2.153498888015747070e+00
-2.877834558486938477e+00 -3.481966733932495117e+00
-2.483804225921630859e+00 -3.682779312133789062e+00
-3.034526348114013672e+00 -2.539733648300170898e+00
-2.075762987136840820e+00 -2.877763986587524414e+00
-2.400363445281982422e+00 -2.935584545135498047e+00
-3.272303044795989990e-01 -3.702687263488769531e+00
-1.748168945312500000e+00 -3.296936988830566406e+00
-2.189758062362670898e+00 -2.048913955688476562e+00
-2.318698406219482422e+00 -4.514970302581787109e+00
-1.382859468460083008e+00 -3.381610870361328125e+00
-2.177335262298583984e+00 -3.417594909667968750e+00
