4.918284714221954346e-01 -3.303686678409576416e-01
1.303782016038894653e-01 -4.504308402538299561e-01
7.792556881904602051e-01 -2.183398008346557617e-01
2.567635476589202881e-01 5.350015163421630859e-01
-4.810767173767089844e-01 -1.083932042121887207e+00
-9.315513372421264648e-01 -3.377515971660614014e-01
4.598317444324493408e-01 -6.657954454421997070e-01
-7.697812318801879883e-01 6.942744851112365723e-01
6.911396980285644531e-01 -5.161804556846618652e-01
-3.272035419940948486e-01 -8.871677517890930176e-01
1.604080677032470703e+00 -1.464067339897155762e+00
1.063634991645812988e+00 5.858146548271179199e-01
3.753354251384735107e-01 5.368199944496154785e-01
1.119703650474548340e+00 -4.893494024872779846e-02
1.444651603698730469e+00 -6.700123548507690430e-01
9.891116619110107422e-01 -6.078843474388122559e-01
8.808787465095520020e-01 -4.077118039131164551e-01
5.368343591690063477e-01 -8.851518034934997559e-01
2.517451524734497070e+00 2.488064393401145935e-02
2.192854732275009155e-01 -1.104255557060241699e+00
6.216438412666320801e-01 -3.014535605907440186e-01
-4.260239601135253906e-01 -2.815909087657928467e-01
1.345032215118408203e+00 -5.912896990776062012e-01
-7.951836585998535156e-01 -1.074410915374755859e+00
1.146157145500183105e+00 -1.783806204795837402e+00
5.739294886589050293e-01 1.442381501197814941e+00
1.112694859504699707e+00 -2.433336734771728516e+00
8.877348899841308594e-01 -8.376002311706542969e-02
-1.124934673309326172e+00 6.672547012567520142e-02
-8.102421164512634277e-01 -4.211907088756561279e-01
-6.192191690206527710e-02 -1.541513204574584961e+00
-1.684134602546691895e-01 -1.648435950279235840e+00
3.130248785018920898e-01 -2.004025429487228394e-01
8.572526574134826660e-01 -7.149355411529541016e-01
4.284603297710418701e-01 2.955045998096466064e-01
-6.654978990554809570e-01 -4.553517699241638184e-01
5.266531109809875488e-01 -1.332026124000549316e+00
5.045469403266906738e-01 -2.335794270038604736e-01
5.524035543203353882e-02 5.183424353599548340e-01
-4.517690539360046387e-01 -2.586356997489929199e-01
-8.351427316665649414e-01 2.625828385353088379e-01
-6.850363612174987793e-01 2.078697532415390015e-01
6.657977700233459473e-01 5.500023066997528076e-02
-6.627103686332702637e-01 -6.135078072547912598e-01
-8.865066766738891602e-01 1.134969815611839294e-01
3.681547939777374268e-01 -5.367561802268028259e-02
1.183498024940490723e+00 -5.406259894371032715e-01
1.149889230728149414e+00 -5.726343989372253418e-01
2.301309585571289062e+00 -1.335413932800292969e+00
-1.164609566330909729e-01 -1.910135298967361450e-01
1.858656108379364014e-02 -2.046721726655960083e-01
1.129837512969970703e+00 -1.681659102439880371e+00
2.992315292358398438e-01 -3.307195186614990234e+00
8.960879445075988770e-01 -8.459758758544921875e-01
-2.787620425224304199e-01 -8.372580409049987793e-01
6.848720908164978027e-01 -5.276461839675903320e-01
4.492886960506439209e-01 -1.280814051628112793e+00
5.973650142550468445e-02 -1.838315963745117188e+00
-7.077263295650482178e-02 -9.421134740114212036e-02
1.321042537689208984e+00 -7.333737611770629883e-01
-2.359113097190856934e-01 -1.349089264869689941e+00
-7.305011749267578125e-01 -7.538268566131591797e-01
9.235520958900451660e-01 -1.399113297462463379e+00
1.067343711853027344e+00 -3.227819502353668213e-01
-1.049046874046325684e+00 -1.277395963668823242e+00
1.259169101715087891e+00 3.511296510696411133e-01
5.255112648010253906e-01 -1.267219662666320801e+00
5.436980724334716797e-01 -1.068714380264282227e+00
4.279288649559020996e-02 -3.904328942298889160e-01
-3.132886588573455811e-01 1.118013337254524231e-01
-1.106620311737060547e+00 5.330781936645507812e-01
-7.555511593818664551e-01 -1.347619295120239258e+00
1.025196194648742676e+00 -7.722898125648498535e-01
-3.932008519768714905e-02 -3.872361481189727783e-01
-2.409895509481430054e-01 -1.997823417186737061e-01
2.261237144470214844e+00 1.225109770894050598e-01
1.234889551997184753e-01 3.295303583145141602e-01
1.340669155120849609e+00 3.677878379821777344e-01
2.847526371479034424e-01 -9.539458751678466797e-01
7.787677049636840820e-01 -1.644235998392105103e-01
-4.346194863319396973e-01 1.795791983604431152e-01
8.980750292539596558e-02 6.708656549453735352e-01
9.900687932968139648e-01 -2.120061218738555908e-01
1.987314581871032715e+00 -7.649347186088562012e-01
-2.003195285797119141e+00 -1.091549038887023926e+00
-3.037578165531158447e-01 -1.108253095299005508e-02
4.393369853496551514e-01 2.805621922016143799e-01
-8.915388584136962891e-01 -1.183892488479614258e+00
-3.965147733688354492e-01 -5.462000370025634766e-01
1.147871375083923340e+00 -1.361570239067077637e+00
1.501416563987731934e-01 -5.100282430648803711e-01
1.071844458580017090e+00 -6.926840543746948242e-01
5.434144735336303711e-01 -8.399095535278320312e-01
6.298765540122985840e-01 -3.931047916412353516e-01
-1.499678790569305420e-01 -6.346520781517028809e-01
-2.706933021545410156e-01 -1.877786815166473389e-01
1.835568070411682129e+00 -5.343447923660278320e-01
1.835685223340988159e-01 1.163108274340629578e-01
-8.695016503334045410e-01 -4.169735014438629150e-01
-2.577387392520904541e-01 -1.773682594299316406e+00
9.655225872993469238e-01 -1.017577052116394043e+00
-1.945696026086807251e-01 -2.545849084854125977e-01
7.134214639663696289e-01 1.476102471351623535e-01
9.517565369606018066e-01 8.503389358520507812e-01
-7.313874363899230957e-01 8.333546519279479980e-01
-2.017533332109451294e-01 -5.977098345756530762e-01
2.110658884048461914e-01 -1.343169689178466797e+00
3.427306413650512695e-01 -5.673341155052185059e-01
-1.218781232833862305e+00 7.884433120489120483e-02
9.535183906555175781e-01 -1.062182068824768066e+00
7.660810947418212891e-01 -4.502745866775512695e-01
8.413987159729003906e-01 -1.430658698081970215e+00
1.470828533172607422e+00 -5.130553841590881348e-01
-4.289923310279846191e-01 -6.540153026580810547e-01
-4.086713194847106934e-01 -2.033711910247802734e+00
8.903558254241943359e-01 4.861595630645751953e-01
-6.854534894227981567e-02 -1.991671442985534668e+00
-3.256869912147521973e-01 -6.781731247901916504e-01
-1.402512788772583008e-01 -1.314023017883300781e+00
5.941127538681030273e-01 -7.292949557304382324e-01
-1.033618211746215820e+00 2.487811595201492310e-01
2.635361067950725555e-02 -6.259987354278564453e-01
2.701965393498539925e-03 5.338751673698425293e-01
8.826928734779357910e-01 -1.300157189369201660e+00
1.379052639007568359e+00 -8.709883689880371094e-01
-9.621141105890274048e-02 8.610581755638122559e-01
-5.376787781715393066e-01 -2.324595600366592407e-01
-2.916164696216583252e-01 -7.895479202270507812e-01
9.933633357286453247e-02 -1.158604264259338379e+00
4.592899978160858154e-01 8.498553633689880371e-01
4.451571106910705566e-01 4.603480696678161621e-01
-9.314560890197753906e-01 -1.638930439949035645e-01
2.231670320034027100e-01 3.150616288185119629e-01
-8.806465864181518555e-01 -1.383689641952514648e+00
4.601179063320159912e-01 1.082480669021606445e+00
-7.962206006050109863e-02 1.680014848709106445e+00
-3.224939703941345215e-01 1.262373626232147217e-01
1.195136904716491699e+00 -1.243507385253906250e+00
9.835731983184814453e-01 9.052455425262451172e-01
6.454369425773620605e-01 -1.310568213462829590e+00
-4.610612690448760986e-01 -8.742985129356384277e-02
7.623096108436584473e-01 -1.554972171783447266e+00
-5.268402099609375000e-01 -3.432433903217315674e-01
5.163716673851013184e-01 1.467862278223037720e-01
9.649082422256469727e-01 4.558513686060905457e-02
6.426286697387695312e-01 -5.751608610153198242e-01
1.922391057014465332e-01 6.506754159927368164e-01
-5.622121095657348633e-01 -4.438712894916534424e-01
8.182665705680847168e-02 4.736545979976654053e-01
1.841140747070312500e+00 -1.980365157127380371e+00
-7.118460536003112793e-01 -1.706694245338439941e+00
1.433272480964660645e+00 -1.131191253662109375e+00
1.394885182380676270e+00 2.836808562278747559e-01
5.401441454887390137e-01 -1.194840073585510254e+00
1.756577253341674805e+00 -5.478129386901855469e-01
2.132006734609603882e-01 -7.691069245338439941e-01
-1.058446764945983887e+00 -6.791393160820007324e-01
2.767896046862006187e-03 -9.927545785903930664e-01
8.287424445152282715e-01 -1.204303875565528870e-01
-1.450055956840515137e+00 3.209797739982604980e-01
5.344869494438171387e-01 -8.100365400314331055e-01
5.203104391694068909e-02 -1.282224655151367188e+00
9.398343563079833984e-01 -9.649117588996887207e-01
8.780990839004516602e-01 -6.999631524085998535e-01
4.928052425384521484e-01 -5.669248700141906738e-01
-5.471016168594360352e-01 -1.417301654815673828e+00
-1.202130675315856934e+00 -9.032288789749145508e-01
1.345435380935668945e+00 1.461056619882583618e-01
-1.725775599479675293e-01 1.899141967296600342e-01
9.417654275894165039e-01 1.542453616857528687e-01
-4.855419993400573730e-01 -1.024567723274230957e+00
7.537871599197387695e-01 -6.619757413864135742e-01
3.749364912509918213e-01 7.525945305824279785e-01
7.230963110923767090e-01 -4.944637417793273926e-01
4.692740440368652344e-01 -1.432124823331832886e-01
-3.528789058327674866e-02 -7.957955598831176758e-01
9.138568639755249023e-01 -9.010256081819534302e-02
1.030582904815673828e+00 -3.960420936346054077e-02
1.287469148635864258e+00 -4.762528240680694580e-01
5.756101757287979126e-02 1.077834725379943848e+00
-4.967663884162902832e-01 -7.329062819480895996e-01
4.742526710033416748e-01 6.302911043167114258e-01
-1.191193819046020508e+00 -1.012995839118957520e+00
1.032566353678703308e-01 1.116690635681152344e+00
2.364250719547271729e-01 1.092881411314010620e-01
-7.361717224121093750e-01 -5.285292863845825195e-01
-4.928582310676574707e-01 -1.118072628974914551e+00
-7.119264602661132812e-01 -1.373944759368896484e+00
-6.839272975921630859e-01 -8.503640070557594299e-03
-1.191362515091896057e-01 -3.726057112216949463e-01
4.665346443653106689e-01 -1.753629803657531738e+00
2.878493368625640869e-01 -9.823799729347229004e-01
-3.489591479301452637e-01 7.343712449073791504e-01
1.018793344497680664e+00 -1.311189532279968262e+00
3.914377391338348389e-01 3.316501379013061523e-01
-2.366999387741088867e+00 -1.266141414642333984e+00
-1.001428961753845215e+00 -5.757192969322204590e-01
-6.894545257091522217e-02 -8.790439367294311523e-01
8.091025948524475098e-01 -1.232777476310729980e+00
-6.837007403373718262e-01 -8.468688130378723145e-01
5.155007243156433105e-01 -7.433681488037109375e-01
8.626779913902282715e-02 -2.713948190212249756e-01
-2.511503100395202637e-01 -4.731039404869079590e-01
-6.320783495903015137e-01 -1.169265627861022949e+00
2.093111127614974976e-01 -7.478553652763366699e-01
2.183036088943481445e+00 -6.449218392372131348e-01
4.768820405006408691e-01 -7.011547684669494629e-01
5.169467329978942871e-01 8.498014211654663086e-01
-2.446949779987335205e-01 -2.114849388599395752e-01
5.257814005017280579e-02 -1.361820697784423828e+00
-7.115858197212219238e-01 -2.011492997407913208e-01
1.555343717336654663e-01 -2.544443905353546143e-01
5.802536010742187500e-01 -8.322905302047729492e-01
-8.849693536758422852e-01 -9.375467896461486816e-01
1.947540789842605591e-02 -9.537588357925415039e-01
6.993027925491333008e-01 1.733756542205810547e+00
-3.263430893421173096e-01 -4.302855432033538818e-01
2.277618646621704102e+00 -1.783613085746765137e+00
-4.113088846206665039e-01 -7.514245510101318359e-01
5.448925495147705078e-01 -2.426270097494125366e-01
3.827011212706565857e-02 4.053677916526794434e-01
5.473272800445556641e-01 4.083781838417053223e-01
8.691241145133972168e-01 3.399558961391448975e-01
8.588063120841979980e-01 -1.461717605590820312e+00
-1.511578857898712158e-01 4.412305653095245361e-01
1.319550991058349609e+00 -3.819172680377960205e-01
-8.250536769628524780e-02 -1.475191831588745117e+00
-1.089500188827514648e+00 -7.933478355407714844e-01
4.104407876729965210e-02 -5.940083265304565430e-01
-1.019719362258911133e+00 5.022801086306571960e-02
9.359349608421325684e-01 4.687340259552001953e-01
1.066686630249023438e+00 -7.333621978759765625e-01
-2.188874483108520508e-01 -1.482873082160949707e+00
1.298356771469116211e+00 -6.012442708015441895e-01
2.177791297435760498e-01 1.557124257087707520e-01
-5.513203144073486328e-01 -5.008383393287658691e-01
1.815456509590148926e+00 -9.737275242805480957e-01
5.233017206192016602e-01 4.152936041355133057e-01
1.104483231902122498e-01 6.342572718858718872e-02
7.656590342521667480e-01 -1.068051695823669434e+00
-2.162881381809711456e-02 9.673166871070861816e-01
-8.398950099945068359e-02 -1.103026747703552246e+00
-5.219293236732482910e-01 -1.369669318199157715e+00
4.035508632659912109e-01 -4.567016959190368652e-01
4.990111589431762695e-01 -1.691190004348754883e+00
3.541347682476043701e-01 -8.019280433654785156e-01
-3.895484507083892822e-01 -3.555226624011993408e-01
6.495037674903869629e-01 -2.146874666213989258e-01
4.254185855388641357e-01 -8.132441043853759766e-01
3.259866684675216675e-02 6.428712606430053711e-01
