7.574635982513427734e+00 -1.841513824462890625e+01
1.646697425842285156e+01 -3.244803237915039062e+01
-9.227766036987304688e+00 -4.649423217773437500e+01
2.322732734680175781e+01 -3.186265182495117188e+01
6.716513156890869141e+00 -9.279739379882812500e+00
-7.438670635223388672e+00 -4.161193084716796875e+01
1.078452014923095703e+01 -4.063356399536132812e+01
1.177103233337402344e+01 -2.874345779418945312e+01
-5.566740512847900391e+00 -4.332879638671875000e+01
-1.636756515502929688e+01 -4.318637466430664062e+01
8.527169823646545410e-01 -4.694577407836914062e+01
-1.882692146301269531e+01 -3.913368988037109375e+01
2.028970956802368164e+00 -3.271519851684570312e+01
6.899223804473876953e+00 -4.988297653198242188e+01
2.164763069152832031e+01 -2.880639457702636719e+01
-2.728661060333251953e+00 -3.407862091064453125e+01
-2.024162483215332031e+01 -2.558614540100097656e+01
-2.155607986450195312e+01 -2.324531745910644531e+01
-6.446200370788574219e+00 -1.634212303161621094e+01
7.196216583251953125e-01 -4.943375778198242188e+01
4.378345012664794922e+00 -2.488336563110351562e+01
2.449035072326660156e+01 -5.627977752685546875e+01
-9.059222936630249023e-01 -4.962093353271484375e+01
7.678587913513183594e+00 -4.689774703979492188e+01
-1.646111369132995605e+00 -5.344194412231445312e+01
2.126277542114257812e+01 -2.916916847229003906e+01
2.346988201141357422e+00 -2.623831748962402344e+01
1.282834148406982422e+01 -5.013979721069335938e+01
5.436230182647705078e+00 -2.572332382202148438e+01
1.389120864868164062e+01 -5.459290313720703125e+01
1.228750038146972656e+01 -3.328231430053710938e+01
-5.263022899627685547e+00 -2.944012069702148438e+01
1.598529911041259766e+01 -1.777939987182617188e+01
1.105985546112060547e+01 -3.502875518798828125e+01
-4.885517120361328125e+00 -3.108892822265625000e+01
-2.958091259002685547e+00 -3.034771156311035156e+01
-5.377405166625976562e+00 -4.159732818603515625e+01
1.810064125061035156e+01 -4.172677993774414062e+01
6.305226683616638184e-02 -5.534994506835937500e+01
-1.720942115783691406e+01 -3.745910644531250000e+01
1.307691955566406250e+01 -4.422902297973632812e+01
2.388825178146362305e+00 -5.823051452636718750e+01
-1.433961105346679688e+01 -5.001131439208984375e+01
8.933278083801269531e+00 -2.706422233581542969e+01
3.441167116165161133e+00 -5.653815460205078125e+01
2.400017356872558594e+01 1.198989510536193848e+00
1.004614755511283875e-01 -1.815596389770507812e+01
-3.945060491561889648e+00 -5.670028305053710938e+01
-1.175154399871826172e+01 -2.518597602844238281e+01
-8.084674835205078125e+00 -2.956869697570800781e+01
-1.755792045593261719e+01 -4.052191543579101562e+01
-1.293826675415039062e+01 -3.543027496337890625e+01
-5.501984119415283203e+00 -1.712177848815917969e+01
1.005996036529541016e+01 -3.903823089599609375e+01
-1.212045764923095703e+01 -3.777578735351562500e+01
1.104726791381835938e+01 -2.773423576354980469e+01
-3.442493677139282227e+00 -4.723655700683593750e+01
-1.456263065338134766e+01 -3.605797195434570312e+01
-2.793288230895996094e+00 -4.232670593261718750e+01
2.355937767028808594e+01 -5.445010757446289062e+01
1.149945831298828125e+01 -4.170088195800781250e+01
7.175387859344482422e+00 -5.342413711547851562e+01
-1.064743757247924805e+00 -3.774007415771484375e+01
8.266882896423339844e+00 -3.259907913208007812e+01
-7.264925956726074219e+00 -2.971497917175292969e+01
4.543025493621826172e+00 -3.034939384460449219e+01
9.781950950622558594e+00 -5.816806030273437500e+01
3.125652790069580078e+00 -2.533905601501464844e+01
7.582878470420837402e-01 -2.911054801940917969e+01
-1.122218322753906250e+01 -3.354927444458007812e+01
1.445702838897705078e+01 -2.298039054870605469e+01
-1.347414588928222656e+01 -2.639472198486328125e+01
1.394501018524169922e+01 -2.948629379272460938e+01
8.677683830261230469e+00 -4.045761108398437500e+01
4.691916465759277344e+00 -4.724859619140625000e+01
-1.168960285186767578e+01 -2.349610137939453125e+01
-1.364499282836914062e+01 -3.592736434936523438e+01
1.292254257202148438e+01 -3.012043952941894531e+01
-9.866071701049804688e+00 -1.640537452697753906e+01
1.134172248840332031e+01 -3.229873657226562500e+01
-9.722344398498535156e+00 -4.672757339477539062e+01
1.917306709289550781e+01 -2.759192276000976562e+01
-1.115801334381103516e+01 -4.677239990234375000e+01
5.750827312469482422e+00 -4.897627258300781250e+01
-6.258176326751708984e+00 -3.285809326171875000e+01
5.384586811065673828e+00 -2.667333030700683594e+01
-2.231637191772460938e+01 -4.440470504760742188e+01
1.924547386169433594e+01 -2.696489334106445312e+01
1.647659540176391602e+00 -3.198795700073242188e+01
1.001252841949462891e+01 -4.998774719238281250e+01
7.453801631927490234e+00 -8.399349212646484375e+00
-8.658237457275390625e+00 -2.416103744506835938e+01
8.445150375366210938e+00 -1.867468643188476562e+01
-3.724141120910644531e+00 -3.059354209899902344e+01
-4.167929172515869141e+00 -4.409094619750976562e+01
6.073956966400146484e+00 -2.312661361694335938e+01
1.497201442718505859e+00 -5.282645034790039062e+01
-6.451448917388916016e+00 -1.914522171020507812e+01
1.105906867980957031e+01 -3.653057098388671875e+01
-9.485306739807128906e+00 -4.053152465820312500e+01
1.454080009460449219e+01 -3.954864120483398438e+01
3.360958576202392578e+00 -4.070525360107421875e+01
2.322628211975097656e+01 -5.609945297241210938e+01
3.981384277343750000e+00 -3.490849685668945312e+01
-1.942976951599121094e+00 -3.087903594970703125e+01
1.662442970275878906e+01 -5.244009017944335938e+01
-3.583469629287719727e+00 -3.852692031860351562e+01
-1.013816738128662109e+01 -4.478542709350585938e+01
-3.301101446151733398e+00 -5.198854064941406250e+01
-5.886980056762695312e+00 -1.811898231506347656e+01
-3.947348356246948242e+00 -5.996049499511718750e+01
6.800198078155517578e+00 -2.552376747131347656e+01
-2.307807922363281250e+01 -3.311081695556640625e+01
-1.755569839477539062e+01 -3.686187744140625000e+01
6.905658841133117676e-01 -3.385802841186523438e+01
-2.283586883544921875e+01 -4.498954010009765625e+01
1.167702293395996094e+01 -3.235740280151367188e+01
1.523355674743652344e+01 -1.733454704284667969e+01
-1.653906059265136719e+01 -2.186820030212402344e+01
1.647813469171524048e-01 -4.504409790039062500e+01
-1.588880252838134766e+01 -1.301698589324951172e+01
-3.242126941680908203e+00 -3.481229782104492188e+01
5.811091899871826172e+00 -1.760609817504882812e+01
1.486342716217041016e+01 -5.223772430419921875e+01
2.289286804199218750e+01 -2.611008262634277344e+01
-1.821875572204589844e+00 -3.340230178833007812e+01
5.629307746887207031e+00 -1.071874713897705078e+01
2.266385650634765625e+01 -3.128624916076660156e+01
-9.279225349426269531e+00 -4.929345321655273438e+01
-6.686271190643310547e+00 -2.518197250366210938e+01
-1.230059909820556641e+01 -2.524448585510253906e+01
1.108208370208740234e+01 -2.244828987121582031e+01
1.853148269653320312e+01 -4.324860382080078125e+01
7.212642669677734375e+00 -4.753234100341796875e+01
-4.914442062377929688e+00 -3.776175308227539062e+01
8.335137367248535156e+00 -3.378287887573242188e+01
-5.589252471923828125e+00 -4.287939071655273438e+01
1.351292514801025391e+01 -4.344770431518554688e+01
2.124126434326171875e+00 -5.679050445556640625e+01
1.103708553314208984e+01 -5.890620422363281250e+01
4.467221260070800781e+00 -2.406544303894042969e+01
2.226330566406250000e+01 -5.026636505126953125e+01
-2.822650432586669922e+00 -1.630472564697265625e+01
2.974135017395019531e+01 -9.417489051818847656e+00
1.455298709869384766e+01 -1.011075973510742188e+01
1.260448169708251953e+01 -5.066192626953125000e+01
-3.312436342239379883e+00 -5.431332015991210938e+01
2.705159187316894531e+00 -4.069338607788085938e+01
-9.254385948181152344e+00 -4.832006454467773438e+01
6.436261177062988281e+00 -9.645511627197265625e+00
-1.903990554809570312e+01 -2.801435279846191406e+01
1.478349781036376953e+01 -4.326932144165039062e+01
2.771485805511474609e+00 -3.735309219360351562e+01
-2.939702749252319336e+00 -2.544702529907226562e+01
1.317386150360107422e+00 -4.026909255981445312e+01
4.293771266937255859e+00 -4.277574539184570312e+01
-1.140246391296386719e+01 -2.701208114624023438e+01
-1.012490153312683105e+00 -2.568300819396972656e+01
-2.104668426513671875e+01 -5.229438781738281250e+01
1.067332267761230469e+01 -3.128227806091308594e+01
-3.864207267761230469e+00 -2.043018150329589844e+01
1.516830730438232422e+01 -3.741731262207031250e+01
1.862386131286621094e+01 -4.215370559692382812e+01
8.756490945816040039e-01 -4.391983413696289062e+01
-1.521301507949829102e+00 -5.547891998291015625e+01
-9.454419136047363281e+00 -4.019206237792968750e+01
-1.626944541931152344e+01 -3.130143737792968750e+01
6.654538512229919434e-01 -4.598214340209960938e+01
-1.605119323730468750e+01 -2.206379890441894531e+01
2.073884391784667969e+01 -4.147747802734375000e+01
-1.488774299621582031e+01 -4.319527435302734375e+01
1.555169773101806641e+01 -5.232307434082031250e+01
7.993964672088623047e+00 -3.662075042724609375e+01
-1.264375114440917969e+01 -3.730336761474609375e+01
6.715792655944824219e+00 -1.805302238464355469e+01
-9.870756149291992188e+00 -3.262210464477539062e+01
1.836691474914550781e+01 -2.826587295532226562e+01
-3.466260671615600586e+00 -3.200706481933593750e+01
-2.188273620605468750e+01 -4.345427703857421875e+01
-1.363298416137695312e+01 -4.424747467041015625e+01
2.231699466705322266e+00 -3.482679748535156250e+01
-1.446951103210449219e+01 -4.069684600830078125e+01
-1.507757067680358887e+00 -4.462899017333984375e+01
1.193468809127807617e+00 -5.639334106445312500e+01
1.351232051849365234e+01 -3.192242622375488281e+01
-7.346686363220214844e+00 -3.399194335937500000e+01
-4.914253652095794678e-01 -4.480922698974609375e+01
-1.635111618041992188e+01 -4.404881286621093750e+01
9.926165580749511719e+00 -5.843642425537109375e+01
2.022303082048892975e-02 -3.646996307373046875e+01
-7.735787868499755859e+00 -2.064787292480468750e+01
1.956409263610839844e+01 -3.428177642822265625e+01
7.202950477600097656e+00 -5.373681259155273438e+01
-5.791039466857910156e+00 -3.764620208740234375e+01
-1.775764465332031250e+01 -3.955368423461914062e+01
-1.415416049957275391e+01 -3.392950820922851562e+01
2.691412687301635742e+00 -2.428840255737304688e+01
4.463688278198242188e+01 -2.307806968688964844e+01
1.979568290710449219e+01 -4.168194198608398438e+01
-2.944774866104125977e+00 -4.697094726562500000e+01
9.886766433715820312e+00 -3.805041885375976562e+01
1.738268089294433594e+01 -1.859932518005371094e+01
1.510205841064453125e+01 -2.319460678100585938e+01
8.867184638977050781e+00 -5.976444625854492188e+01
-1.000749206542968750e+01 -4.138666915893554688e+01
1.993967628479003906e+01 -3.526105499267578125e+01
-6.082080006599426270e-01 -5.111865234375000000e+01
-2.104660415649414062e+01 -5.229736328125000000e+01
-6.866364479064941406e+00 -5.406050109863281250e+01
2.365226554870605469e+01 -5.588220214843750000e+01
-1.465853691101074219e+01 -4.303296661376953125e+01
1.922990798950195312e+01 -2.573132514953613281e+01
-6.136547088623046875e+00 -4.428089141845703125e+01
6.108996868133544922e+00 -4.895682907104492188e+01
-2.634541749954223633e+00 -2.918087387084960938e+01
1.458583354949951172e+01 -9.689581871032714844e+00
-2.142497634887695312e+01 -2.331533241271972656e+01
2.203769922256469727e+00 -3.387691497802734375e+01
1.054539108276367188e+01 -2.142324447631835938e+01
-2.532935440540313721e-01 -4.987026214599609375e+01
-3.441386699676513672e+00 -2.880752754211425781e+01
2.465330362319946289e+00 -4.558205032348632812e+01
2.375521361827850342e-01 -2.045555496215820312e+01
-6.829370975494384766e+00 -2.513842773437500000e+01
8.082798004150390625e+00 -3.424813461303710938e+01
5.811721682548522949e-01 -2.970861816406250000e+01
1.685700035095214844e+01 -3.251520919799804688e+01
2.322703123092651367e+00 -4.133823776245117188e+01
-1.896681404113769531e+01 -2.725361824035644531e+01
1.346327495574951172e+01 -4.877544784545898438e+01
3.593140363693237305e+00 -5.033972167968750000e+01
2.213171386718750000e+01 -5.058877182006835938e+01
-4.381627559661865234e+00 -1.629823303222656250e+01
2.702085971832275391e+00 -3.879022979736328125e+01
-1.376414585113525391e+01 -2.423164939880371094e+01
-1.496319675445556641e+01 -4.606508636474609375e+01
3.915231466293334961e+00 -2.200802230834960938e+01
-7.318118572235107422e+00 -5.482302856445312500e+01
4.854187488555908203e+00 -3.953179931640625000e+01
7.932652950286865234e+00 -2.676720046997070312e+01
1.643220901489257812e+01 -1.805688858032226562e+01
3.842571496963500977e+00 -3.310698318481445312e+01
-2.444465637207031250e+00 -5.402570343017578125e+01
-4.266970634460449219e+00 -1.501727294921875000e+01
7.666714191436767578e+00 -3.537751007080078125e+01
-7.235595226287841797e+00 -5.280876159667968750e+01
-2.351887464523315430e+00 -4.168659973144531250e+01
-2.306319236755371094e+01 -3.309844589233398438e+01
-2.096064329147338867e+00 -2.610128593444824219e+01
3.969575464725494385e-01 -2.141015434265136719e+01
