-1.874155807495117188e+01 6.152390670776367188e+01
-4.091179656982421875e+01 1.251053524017333984e+01
2.805443406105041504e-01 4.119315338134765625e+01
-5.240002155303955078e+00 3.640836334228515625e+01
3.883247613906860352e+00 5.654743194580078125e+01
1.235096454620361328e+00 5.387373352050781250e+01
4.013240337371826172e+00 4.591110992431640625e+01
-2.017713165283203125e+01 5.197848892211914062e+01
-2.888827514648437500e+01 3.206206130981445312e+01
1.507923126220703125e+01 3.475725936889648438e+01
-2.359644651412963867e+00 5.038164138793945312e+01
-1.279859066009521484e+00 6.192534255981445312e+01
1.086986064910888672e+01 6.372344589233398438e+01
-9.113656044006347656e+00 3.346081161499023438e+01
-4.820363521575927734e+00 2.340196609497070312e+01
-1.460150337219238281e+01 4.176900863647460938e+01
1.877422523498535156e+01 5.247155380249023438e+01
-1.544135570526123047e+01 3.371296310424804688e+01
-1.204326438903808594e+01 4.059019470214843750e+01
3.737212657928466797e+00 4.442136764526367188e+01
-9.640480279922485352e-01 5.168466949462890625e+01
-2.500761032104492188e+01 4.029005050659179688e+01
-6.528142094612121582e-01 5.251498031616210938e+01
-7.836950778961181641e+00 3.976784515380859375e+01
-7.258182525634765625e+00 2.322113037109375000e+01
-3.166213035583496094e+00 4.646271133422851562e+01
-1.313058185577392578e+01 4.332108688354492188e+01
-1.687603187561035156e+01 4.755234909057617188e+01
1.473155379295349121e+00 4.018648529052734375e+01
-2.176580810546875000e+01 5.901840591430664062e+01
-7.253849029541015625e+00 4.039729690551757812e+01
4.944169044494628906e+00 3.951052474975585938e+01
-3.038395404815673828e+00 5.470753860473632812e+01
6.869246959686279297e+00 6.154692840576171875e+01
-6.161592006683349609e-01 5.066885375976562500e+01
-1.549126911163330078e+01 3.868476486206054688e+01
-9.572113990783691406e+00 4.910822296142578125e+01
-1.997042655944824219e+01 4.708347320556640625e+01
1.103793334960937500e+01 6.373128128051757812e+01
-1.274384021759033203e+01 3.035385513305664062e+01
-3.180261802673339844e+01 4.358319854736328125e+01
-1.116006278991699219e+01 4.584683609008789062e+01
-1.639232254028320312e+01 4.634003067016601562e+01
-1.363572120666503906e+01 4.913155746459960938e+01
-1.449307060241699219e+01 6.511822509765625000e+01
-1.382288074493408203e+01 3.607513427734375000e+01
6.088918209075927734e+00 3.158456420898437500e+01
3.151027679443359375e+00 5.638652038574218750e+01
-1.806757736206054688e+01 4.850520324707031250e+01
-1.155572605133056641e+01 4.265246200561523438e+01
9.632378578186035156e+00 5.125339508056640625e+01
3.454120635986328125e+00 4.633489227294921875e+01
-2.670027160644531250e+01 5.287561798095703125e+01
1.011371040344238281e+01 4.291781616210937500e+01
-3.829846084117889404e-01 4.961432266235351562e+01
-9.154613494873046875e+00 5.203562927246093750e+01
-1.070905113220214844e+01 3.028994560241699219e+01
-2.938190996646881104e-01 3.936819839477539062e+01
-1.694449996948242188e+01 4.122257232666015625e+01
2.188277053833007812e+01 4.587623977661132812e+01
-1.484508800506591797e+01 3.433767700195312500e+01
1.189919567108154297e+01 5.617414855957031250e+01
-1.079069423675537109e+01 3.987856674194335938e+01
-2.105675888061523438e+01 5.935593414306640625e+01
6.963011741638183594e+00 2.876599884033203125e+01
-1.226492977142333984e+01 6.409525299072265625e+01
1.101848888397216797e+01 3.839291763305664062e+01
1.026506614685058594e+01 3.309152221679687500e+01
-7.826192378997802734e+00 4.149688339233398438e+01
2.390271568298339844e+01 4.041395187377929688e+01
-1.036559963226318359e+01 -1.589618682861328125e+01
1.033647656440734863e+00 4.582270431518554688e+01
-1.979593634605407715e+00 2.747145271301269531e+01
-1.471253871917724609e+01 6.479737854003906250e+01
-5.514241218566894531e+00 5.907462310791015625e+01
1.618511962890625000e+01 5.146245193481445312e+01
-3.626435756683349609e+00 3.525379943847656250e+01
1.316931724548339844e+00 5.727999877929687500e+01
2.080921554565429688e+01 4.654577636718750000e+01
-7.849794387817382812e+00 3.078931427001953125e+01
-2.960239982604980469e+01 4.816593551635742188e+01
-5.886859416961669922e+00 4.336281204223632812e+01
-3.438035771250724792e-02 3.997653579711914062e+01
-8.877259254455566406e+00 2.969721603393554688e+01
5.717291831970214844e-01 2.671848297119140625e+01
-1.274920582771301270e+00 6.397854232788085938e+01
-1.043243527412414551e+00 2.316794776916503906e+01
-2.927895307540893555e+00 3.863397598266601562e+01
7.355723977088928223e-01 3.664464187622070312e+01
8.141581535339355469e+00 4.471094894409179688e+01
9.410077095031738281e+00 3.851426696777343750e+01
1.462318325042724609e+01 2.650987625122070312e+01
1.306022357940673828e+01 4.524992752075195312e+01
4.414490222930908203e+00 3.766453170776367188e+01
1.010320281982421875e+01 5.033351898193359375e+01
-4.309144973754882812e+00 4.643738555908203125e+01
-1.313985729217529297e+01 5.776771545410156250e+01
-6.303740501403808594e+00 7.111585998535156250e+01
-5.584913730621337891e+00 3.576492309570312500e+01
-1.887071609497070312e+01 5.967342376708984375e+01
1.653912544250488281e+01 5.448829269409179688e+01
1.048230075836181641e+01 5.219289016723632812e+01
2.889749288558959961e+00 4.708411407470703125e+01
-8.584657669067382812e+00 3.125792503356933594e+01
2.058368492126464844e+01 4.659735488891601562e+01
-3.110361337661743164e+00 4.270854568481445312e+01
-7.683767318725585938e+00 3.229307174682617188e+01
1.097829437255859375e+01 5.468041992187500000e+01
6.186616897583007812e+00 4.471564102172851562e+01
-7.871467113494873047e+00 3.763737106323242188e+01
-4.657958507537841797e+00 7.170353698730468750e+01
-2.277867698669433594e+01 3.653345870971679688e+01
1.403172206878662109e+01 3.772565841674804688e+01
5.098219394683837891e+00 4.644477462768554688e+01
-1.853768467903137207e+00 3.641468811035156250e+01
-2.685732364654541016e+00 4.251003646850585938e+01
-4.621133804321289062e+00 4.741355514526367188e+01
1.956170797348022461e+00 3.366004180908203125e+01
-1.750263786315917969e+01 4.946537399291992188e+01
-1.488875293731689453e+01 3.966374206542968750e+01
-2.829726934432983398e+00 6.197433090209960938e+01
1.005817699432373047e+01 4.390038681030273438e+01
-7.043648719787597656e+00 4.938738250732421875e+01
9.029806852340698242e-01 5.844527053833007812e+01
-6.068602561950683594e+00 4.050910568237304688e+01
6.170328140258789062e+00 3.829460906982421875e+01
-2.227079582214355469e+01 3.637130737304687500e+01
5.073632717132568359e+00 3.847239303588867188e+01
-1.632358741760253906e+01 5.224567031860351562e+01
1.741166114807128906e+01 5.247626495361328125e+01
1.115856361389160156e+01 5.482586669921875000e+01
2.390790557861328125e+01 4.038197708129882812e+01
1.554338932037353516e+01 3.421813964843750000e+01
-1.463970661163330078e+00 4.596413803100585938e+01
-7.019289970397949219e+00 5.781824493408203125e+01
-1.356002330780029297e+01 4.913430404663085938e+01
-1.924973487854003906e+01 4.325241470336914062e+01
2.803040742874145508e+00 3.898656082153320312e+01
1.682436752319335938e+01 3.997094345092773438e+01
7.263706207275390625e+00 5.680115890502929688e+01
-4.994518280029296875e+00 5.337310409545898438e+01
-2.822743415832519531e+01 4.736248779296875000e+01
-2.266287612915039062e+01 5.862844848632812500e+01
-4.873951375484466553e-01 5.461734008789062500e+01
-3.145844650268554688e+01 4.419468688964843750e+01
-2.666763114929199219e+01 5.286355972290039062e+01
-1.268028163909912109e+01 4.270429992675781250e+01
-1.064378356933593750e+01 3.888361358642578125e+01
2.597441673278808594e+00 6.223075866699218750e+01
-6.502713203430175781e+00 6.239705657958984375e+01
-8.194493293762207031e+00 2.736223602294921875e+01
-6.405577659606933594e+00 2.977657318115234375e+01
9.898447990417480469e+00 4.462716674804687500e+01
-2.156918716430664062e+01 2.841691589355468750e+01
-2.373328357934951782e-01 2.616720390319824219e+01
3.936483860015869141e-01 6.639315032958984375e+01
-9.375691413879394531e+00 3.171614265441894531e+01
1.194973850250244141e+01 5.740462112426757812e+01
1.718984031677246094e+01 5.298987197875976562e+01
-8.162855505943298340e-01 4.456239318847656250e+01
-1.190131950378417969e+01 4.456100463867187500e+01
-1.841649889945983887e+00 5.318736648559570312e+01
-2.066923904418945312e+01 2.811873054504394531e+01
-1.533428955078125000e+01 4.054263305664062500e+01
2.762077152729034424e-01 3.736957550048828125e+01
-3.048205947875976562e+01 4.688423919677734375e+01
-1.149774074554443359e+01 3.363047027587890625e+01
-1.174393463134765625e+01 3.040462493896484375e+01
-6.686576366424560547e+00 5.811513519287109375e+01
-2.073451805114746094e+01 4.990011978149414062e+01
1.684112358093261719e+01 4.890963745117187500e+01
1.249758148193359375e+01 4.127205657958984375e+01
-4.654366374015808105e-01 2.517268943786621094e+01
-3.205430507659912109e+00 2.818313598632812500e+01
-5.584636688232421875e+00 3.158528327941894531e+01
-2.443466949462890625e+01 4.064221572875976562e+01
9.749541282653808594e-01 5.103119659423828125e+01
4.992176055908203125e+00 2.844530105590820312e+01
-8.822606086730957031e+00 2.593634223937988281e+01
1.328191566467285156e+01 3.893798828125000000e+01
-2.557464838027954102e+00 5.168976974487304688e+01
-9.724470138549804688e+00 5.250042343139648438e+01
1.420086765289306641e+01 3.984576797485351562e+01
1.065229320526123047e+01 4.612786483764648438e+01
5.643222332000732422e-01 3.235568237304687500e+01
-8.431468963623046875e+00 4.954247283935546875e+01
-1.101522350311279297e+01 6.335573577880859375e+01
-2.039715766906738281e+01 3.642078399658203125e+01
8.299203872680664062e+00 4.248374176025390625e+01
5.561288833618164062e+00 3.632552337646484375e+01
5.720274448394775391e+00 5.237128829956054688e+01
-1.339359474182128906e+01 5.611318969726562500e+01
6.916086196899414062e+00 6.062059402465820312e+01
1.443359565734863281e+01 2.695985794067382812e+01
9.904735565185546875e+00 3.178364753723144531e+01
-1.924805450439453125e+01 5.999960327148437500e+01
-8.233544349670410156e+00 3.764410781860351562e+01
8.605223655700683594e+00 3.856709671020507812e+01
-1.095629978179931641e+01 2.736511039733886719e+01
-3.543551683425903320e+00 3.434535217285156250e+01
2.306022405624389648e+00 5.207006835937500000e+01
-1.410934257507324219e+01 5.825718307495117188e+01
1.713274383544921875e+01 4.004443740844726562e+01
6.838244915008544922e+00 5.169601058959960938e+01
-3.044955062866210938e+01 4.969949340820312500e+01
1.152046298980712891e+01 4.374394989013671875e+01
-1.808069944381713867e+00 5.648658752441406250e+01
-7.953771591186523438e+00 4.952613449096679688e+01
-5.071541070938110352e-01 4.665373611450195312e+01
-2.362570953369140625e+01 4.139665603637695312e+01
6.417189121246337891e+00 4.129907989501953125e+01
-1.298791694641113281e+01 3.984799194335937500e+01
-1.742578983306884766e+00 3.829251098632812500e+01
-1.434153461456298828e+01 6.606439971923828125e+01
-7.795753955841064453e+00 5.553321838378906250e+01
-5.306530952453613281e+00 6.447637176513671875e+01
-4.520247936248779297e+00 7.175483703613281250e+01
3.640264987945556641e+00 4.898929595947265625e+01
-2.073138618469238281e+01 5.001145935058593750e+01
-2.274414539337158203e+00 6.021755599975585938e+01
5.274810791015625000e+00 3.103992462158203125e+01
-1.655859565734863281e+01 2.797850799560546875e+01
3.416760591790080070e-03 5.292484664916992188e+01
-7.201914787292480469e+00 2.333133316040039062e+01
1.259088993072509766e+01 3.886468124389648438e+01
2.023077583312988281e+01 4.968700408935546875e+01
-1.891568374633789062e+01 4.826832580566406250e+01
-1.259598350524902344e+01 5.801079559326171875e+01
-4.145261764526367188e+00 5.115921783447265625e+01
-6.359807491302490234e+00 4.607723617553710938e+01
5.717159748077392578e+00 2.912725639343261719e+01
4.458122253417968750e+00 3.148037719726562500e+01
-2.724827051162719727e+00 4.546090316772460938e+01
1.327815341949462891e+01 5.551290512084960938e+01
-2.961071968078613281e+01 4.803092575073242188e+01
-1.414000892639160156e+01 3.600900650024414062e+01
-1.233087420463562012e+00 4.054176330566406250e+01
-3.065449523925781250e+01 3.036709976196289062e+01
-5.371318817138671875e+00 6.280110168457031250e+01
-1.568872451782226562e+01 2.820277023315429688e+01
7.766363143920898438e+00 2.815315246582031250e+01
-2.298638153076171875e+01 4.212161254882812500e+01
-1.998201751708984375e+01 3.178628730773925781e+01
7.729604840278625488e-01 6.682160949707031250e+01
-2.212617111206054688e+01 5.034183502197265625e+01
-2.183390045166015625e+01 2.851372528076171875e+01
-2.870167541503906250e+01 3.226390075683593750e+01
-6.194117546081542969e+00 3.508864212036132812e+01
8.162330627441406250e+00 5.125283050537109375e+01
-2.385218143463134766e+00 6.182054138183593750e+01
