-4.378138732910156250e+01 4.123118400573730469e+00
-5.039970779418945312e+01 1.697726249694824219e+01
-4.326754760742187500e+01 -1.673239898681640625e+01
-3.320969009399414062e+01 -1.426951789855957031e+01
-4.134131240844726562e+01 -7.225988864898681641e+00
-4.058526611328125000e+01 8.034483194351196289e-01
-3.903137588500976562e+01 2.104817199707031250e+01
-2.920904159545898438e+01 3.442943334579467773e+00
-5.991079711914062500e+01 1.454461574554443359e+01
-3.291746139526367188e+01 -9.891038894653320312e+00
-5.017689895629882812e+01 -1.078690242767333984e+01
-3.772814941406250000e+01 5.060486793518066406e+00
-4.465127944946289062e+01 8.247313499450683594e+00
-1.871496009826660156e+01 -3.593108749389648438e+01
-5.026602554321289062e+01 -5.479646205902099609e+00
-6.603520202636718750e+01 -1.388691902160644531e+01
-5.225218963623046875e+01 1.648487854003906250e+01
-5.989109420776367188e+01 1.452697753906250000e+01
-6.698852539062500000e+01 8.080429077148437500e+00
-6.741636657714843750e+01 -2.091564178466796875e+01
-5.980089569091796875e+01 -2.501532554626464844e+01
-4.680891036987304688e+01 5.521132469177246094e+00
-5.754667663574218750e+01 -2.598920822143554688e+01
-6.664440917968750000e+01 -1.405350685119628906e+01
-6.511614990234375000e+01 1.304644823074340820e+00
-6.635531616210937500e+01 -2.008495712280273438e+01
-4.515573883056640625e+01 -1.154351329803466797e+01
-4.952363586425781250e+01 1.769426345825195312e+01
-3.618437957763671875e+01 -1.042904663085937500e+01
-1.708028221130371094e+01 -1.209229469299316406e+01
-5.108518981933593750e+01 5.471419692039489746e-01
-4.872488021850585938e+01 -1.852841567993164062e+01
-5.154670333862304688e+01 -1.366828727722167969e+01
-6.894936370849609375e+01 -4.624352931976318359e+00
-3.033934211730957031e+01 -4.285013198852539062e+00
-3.817186355590820312e+01 -2.913256645202636719e+00
-5.534265518188476562e+01 -1.351518726348876953e+01
-6.928401947021484375e+01 -1.747999191284179688e+00
-5.964643096923828125e+01 -9.500386238098144531e+00
-2.850204849243164062e+01 5.720040321350097656e+00
-5.497063064575195312e+01 -1.341272830963134766e+01
-5.864431762695312500e+01 2.335277199745178223e-01
-3.624587631225585938e+01 -8.111264228820800781e+00
-5.110382843017578125e+01 1.810900306701660156e+01
-6.254463195800781250e+01 -2.757720375061035156e+01
-6.522328186035156250e+01 -1.519579696655273438e+01
-5.121647644042968750e+01 6.518404483795166016e+00
-4.926271057128906250e+01 6.856547832489013672e+00
-4.031915664672851562e+01 4.660953998565673828e+00
-6.214216995239257812e+01 -5.990139484405517578e+00
-5.119687271118164062e+01 -1.791889953613281250e+01
-5.301995468139648438e+01 2.059466361999511719e+00
-3.328291702270507812e+01 -3.984107494354248047e+00
-4.440142440795898438e+01 -1.943796157836914062e+01
-4.786907196044921875e+01 -1.156006526947021484e+01
-5.170085144042968750e+01 -4.906548023223876953e+00
-6.110570526123046875e+01 4.786005020141601562e+00
-4.230896377563476562e+01 2.083712577819824219e+01
-3.779755401611328125e+01 1.605730056762695312e+01
-5.312381362915039062e+01 6.805289268493652344e+00
-5.829174804687500000e+01 -5.175885200500488281e+00
-4.850059127807617188e+01 9.107158660888671875e+00
-4.035576629638671875e+01 -9.312142372131347656e+00
-6.314067459106445312e+01 -7.394613265991210938e+00
-2.804083824157714844e+01 -1.104720783233642578e+01
-3.890628433227539062e+01 -1.299906730651855469e+01
-6.221855163574218750e+01 -1.606284618377685547e+00
-5.041524887084960938e+01 1.646414756774902344e+01
-5.379396438598632812e+01 5.977044105529785156e-01
-6.154522323608398438e+01 -1.723672485351562500e+01
-6.308549499511718750e+01 -1.723480224609375000e+01
-4.759054946899414062e+01 5.088282823562622070e-01
-6.594413757324218750e+01 -1.234340095520019531e+01
-4.904354858398437500e+01 -1.744795989990234375e+01
-5.393650054931640625e+01 3.029396057128906250e+00
-5.583267211914062500e+01 5.341327190399169922e+00
-5.079462432861328125e+01 8.052206993103027344e+00
-2.898370170593261719e+01 5.841152667999267578e+00
-2.508562850952148438e+01 -1.207476711273193359e+01
-4.621680068969726562e+01 -1.019630813598632812e+01
-1.900066375732421875e+01 2.108209431171417236e-01
-4.132169342041015625e+01 2.042536544799804688e+01
-6.007842254638671875e+01 -1.637034988403320312e+01
-3.443499374389648438e+01 -1.303852176666259766e+01
-7.005745697021484375e+01 -3.819715976715087891e+00
-4.522404861450195312e+01 -8.834092140197753906e+00
-6.588763427734375000e+01 -1.961603927612304688e+01
-6.679608917236328125e+01 9.650010108947753906e+00
-2.904491996765136719e+01 7.194299221038818359e+00
-4.912775802612304688e+01 -4.783728599548339844e+00
-3.855639266967773438e+01 -5.924792289733886719e+00
-3.800951004028320312e+01 9.393252372741699219e+00
-3.770912170410156250e+01 1.971278572082519531e+01
-4.300396347045898438e+01 4.443536758422851562e+00
-6.291799926757812500e+01 -2.728607940673828125e+01
-4.522455215454101562e+01 -3.666347742080688477e+00
-4.158740234375000000e+01 -1.631772613525390625e+01
-5.954622650146484375e+01 2.524210929870605469e+00
-5.096752166748046875e+01 -2.026873397827148438e+01
-5.377540588378906250e+01 1.712016582489013672e+00
-4.497445297241210938e+01 9.636591911315917969e+00
-3.145895385742187500e+01 -3.688823938369750977e+00
-5.113940048217773438e+01 -2.568866539001464844e+01
-4.474234771728515625e+01 3.754268407821655273e+00
-4.831567382812500000e+01 1.616946411132812500e+01
-7.046181488037109375e+01 -2.700974941253662109e+00
-4.212250518798828125e+01 1.327642822265625000e+01
-6.368367767333984375e+01 -6.603553295135498047e-01
-3.940332794189453125e+01 -9.745065689086914062e+00
-5.566630935668945312e+01 -2.033646011352539062e+01
-6.191904067993164062e+01 -1.595738410949707031e+01
-6.471910858154296875e+01 2.198669761419296265e-01
-1.626401329040527344e+01 6.560049951076507568e-02
-4.486125946044921875e+01 -1.955705833435058594e+01
-4.137105178833007812e+01 -6.665826797485351562e+00
-5.007686233520507812e+01 -6.757091999053955078e+00
-5.234450149536132812e+01 1.325166511535644531e+01
-6.361695480346679688e+01 -2.710718917846679688e+01
-4.568526077270507812e+01 -1.493587112426757812e+01
-3.557412719726562500e+01 5.055363178253173828e+00
-3.402212524414062500e+01 -1.264236354827880859e+01
-2.344862747192382812e+01 7.691976547241210938e+00
-4.487992095947265625e+01 -2.452033996582031250e+01
-4.327738952636718750e+01 -2.000351333618164062e+01
-2.642765998840332031e+01 1.258533668518066406e+01
-6.061103439331054688e+01 -1.018078136444091797e+01
-2.992234039306640625e+01 -1.163743114471435547e+01
-5.183611297607421875e+01 -2.402984142303466797e+00
-3.637532043457031250e+01 -1.188316726684570312e+01
-6.799973297119140625e+01 -6.900583505630493164e-01
-4.720651245117187500e+01 -2.563887977600097656e+01
-3.424266052246093750e+01 -1.034183120727539062e+01
-6.687065124511718750e+01 8.614511489868164062e+00
-5.873430633544921875e+01 -3.284331560134887695e+00
-6.056727600097656250e+01 4.867940902709960938e+00
-3.338896179199218750e+01 1.222445011138916016e+01
-2.828142738342285156e+01 -1.962982940673828125e+01
-3.778522109985351562e+01 1.595382881164550781e+01
-5.932412338256835938e+01 -2.120900154113769531e+00
-3.980285263061523438e+01 1.910670661926269531e+01
-3.491242599487304688e+01 -1.396180915832519531e+01
-5.987414550781250000e+01 6.119637966156005859e+00
-3.800902938842773438e+01 3.435390949249267578e+00
-4.212224578857421875e+01 -1.210153388977050781e+01
-2.707708549499511719e+01 5.411205291748046875e+00
-6.084083938598632812e+01 -2.484584617614746094e+01
-3.647103118896484375e+01 7.642991542816162109e+00
-1.275002288818359375e+01 2.397101402282714844e+01
-6.301140975952148438e+01 -5.393652915954589844e+00
-7.063069915771484375e+01 -4.334131717681884766e+00
-4.434330368041992188e+01 -1.016190624237060547e+01
-5.638136291503906250e+01 -1.297146224975585938e+01
-5.208034515380859375e+01 1.122519683837890625e+01
-2.386574935913085938e+01 -2.138791084289550781e+01
-5.247982025146484375e+01 1.280899429321289062e+01
-4.880468750000000000e+01 -2.628586578369140625e+01
-2.497519683837890625e+01 -2.163123846054077148e+00
-3.242463302612304688e+01 -2.226427316665649414e+00
-5.691022872924804688e+01 7.917655467987060547e+00
-4.551864624023437500e+01 -1.023526191711425781e+01
-2.614806365966796875e+01 -1.921203136444091797e+00
-3.385211181640625000e+01 1.180588245391845703e+01
-2.320463371276855469e+01 -2.193949699401855469e+01
-5.192319869995117188e+01 -4.786012172698974609e+00
-3.348758316040039062e+01 -3.033255040645599365e-01
-6.051477813720703125e+01 -1.423563957214355469e+01
-2.626324272155761719e+01 -1.705756783485412598e-01
-3.220071792602539062e+01 -3.267830848693847656e+00
-5.304076004028320312e+01 -9.327365875244140625e+00
-5.798370361328125000e+01 -7.645898818969726562e+00
-6.200448608398437500e+01 -1.856908416748046875e+01
-4.500531005859375000e+01 -2.384508132934570312e+01
-6.163901138305664062e+01 -1.006977176666259766e+01
-5.764695739746093750e+01 -6.715585231781005859e+00
-2.729601478576660156e+01 -1.075680255889892578e+01
-1.632476043701171875e+01 6.352203339338302612e-02
-4.201196289062500000e+01 -1.201710510253906250e+01
-3.556083679199218750e+01 -1.764614295959472656e+01
-2.681760597229003906e+01 -2.250087738037109375e+00
-2.602547264099121094e+01 -1.154474639892578125e+01
-5.333629989624023438e+01 -7.707315921783447266e+00
-5.201437759399414062e+01 2.665847301483154297e+00
-2.967695236206054688e+01 -1.886514472961425781e+01
-5.569464874267578125e+01 6.113691806793212891e+00
-3.170180702209472656e+01 2.929657936096191406e+01
-3.630294036865234375e+01 9.873923301696777344e+00
-3.634207916259765625e+01 3.685217499732971191e-01
-2.383494186401367188e+01 -4.558216857910156250e+01
-3.673054504394531250e+01 1.140155696868896484e+01
-2.685968589782714844e+01 -9.486951828002929688e+00
-4.523530197143554688e+01 -1.588064289093017578e+01
-4.756473541259765625e+01 2.608996927738189697e-01
-5.132851791381835938e+01 -2.490415763854980469e+01
-5.672396469116210938e+01 -3.759976387023925781e+00
-4.412144470214843750e+01 -2.540773010253906250e+01
-5.580343627929687500e+01 -7.133545398712158203e+00
-4.889949035644531250e+01 -1.942531776428222656e+01
-3.630474853515625000e+01 9.629711151123046875e+00
-5.522321319580078125e+01 1.588557243347167969e+00
-4.549771118164062500e+01 1.070865345001220703e+01
-4.256091690063476562e+01 5.570587158203125000e+00
-4.383195114135742188e+01 1.899164438247680664e+00
-4.764985275268554688e+01 1.927919745445251465e+00
-5.158469772338867188e+01 -2.660109329223632812e+01
-4.359141540527343750e+01 -9.232401847839355469e-01
-2.641766548156738281e+01 1.257316493988037109e+01
-2.981899642944335938e+01 -4.555157661437988281e+00
-5.258750534057617188e+01 -1.045821857452392578e+01
-3.715557098388671875e+01 -1.855255508422851562e+01
-5.364089584350585938e+01 -4.078772068023681641e+00
-5.748369598388671875e+01 -2.602934074401855469e+01
-6.125939941406250000e+01 -2.550327062606811523e+00
-5.574462127685546875e+01 -1.510763168334960938e+01
-3.968631744384765625e+01 -4.794808864593505859e+00
-4.763691329956054688e+01 -8.623988151550292969e+00
-5.652109909057617188e+01 7.003608703613281250e+00
-4.605239868164062500e+01 1.172885704040527344e+01
-3.676379394531250000e+01 3.607162475585937500e+00
-3.057409286499023438e+01 5.649608135223388672e+00
-5.253038406372070312e+01 -1.075481796264648438e+01
-4.757391738891601562e+01 -1.851305389404296875e+01
-5.743380355834960938e+01 -2.028987312316894531e+01
-3.604975509643554688e+01 -1.768379592895507812e+01
-3.510488128662109375e+01 1.317591667175292969e+00
-3.475576019287109375e+01 9.080715179443359375e+00
-3.554212570190429688e+01 -1.122788524627685547e+01
-4.277655029296875000e+01 -5.881386756896972656e+00
-6.049560546875000000e+01 -1.907056999206542969e+01
-3.471721649169921875e+01 -6.738492965698242188e+00
-3.931448745727539062e+01 1.985999107360839844e+01
-5.920367813110351562e+01 -1.782744216918945312e+01
-6.076428985595703125e+01 -1.784194183349609375e+01
-5.177155303955078125e+01 -1.289118099212646484e+01
-5.042179489135742188e+01 6.675218105316162109e+00
-4.384585952758789062e+01 -1.724246025085449219e+01
-4.120933914184570312e+01 1.260070323944091797e+01
-4.055224609375000000e+01 -4.047860622406005859e+00
-4.546388626098632812e+01 -3.651226758956909180e+00
-3.700922775268554688e+01 3.930194139480590820e+00
-5.809988021850585938e+01 -2.957178354263305664e+00
-3.287058258056640625e+01 2.799116706848144531e+01
-4.432949066162109375e+01 -1.788710236549377441e+00
-3.553194046020507812e+01 2.299148559570312500e+00
-5.959797286987304688e+01 -3.973778009414672852e+00
-4.655865859985351562e+01 -3.739153861999511719e+00
-3.885417556762695312e+01 -3.557983398437500000e+00
-4.813360214233398438e+01 -1.225142955780029297e+01
-5.694405364990234375e+01 -1.427827954292297363e+00
-4.071352005004882812e+01 1.648728013038635254e+00
-5.000151443481445312e+01 5.145543098449707031e+00
