5.278957366943359375e+01 5.654939651489257812e+00
5.458107757568359375e+01 -3.086327791213989258e+00
4.649172210693359375e+01 -2.415334701538085938e+00
5.135287094116210938e+01 7.089767932891845703e+00
4.459922409057617188e+01 4.384803771972656250e+00
5.506448745727539062e+01 1.608170318603515625e+01
4.922030639648437500e+01 -1.709809112548828125e+01
4.222996902465820312e+01 -6.984420776367187500e+00
4.552762985229492188e+01 -1.963326930999755859e+00
3.710271072387695312e+01 1.113753032684326172e+01
5.036948013305664062e+01 -7.005199432373046875e+00
5.896249771118164062e+01 1.143549680709838867e+00
5.583258819580078125e+01 2.305861663818359375e+01
3.671352005004882812e+01 -1.161484336853027344e+01
6.056106567382812500e+01 -2.223360443115234375e+01
4.027688598632812500e+01 -4.163096427917480469e+00
6.210311508178710938e+01 1.352143383026123047e+01
4.851872253417968750e+01 -4.769580841064453125e+00
4.060200881958007812e+01 1.060736370086669922e+01
4.304431533813476562e+01 1.800374984741210938e+01
6.778574371337890625e+01 9.549330711364746094e+00
5.229195022583007812e+01 2.053318405151367188e+01
5.661972808837890625e+01 -3.813483476638793945e+00
4.669961547851562500e+01 -1.545664787292480469e+01
5.384606552124023438e+01 9.053043365478515625e+00
4.763985443115234375e+01 1.248526191711425781e+01
4.821878433227539062e+01 7.570067644119262695e-01
7.039064788818359375e+01 -3.670974016189575195e+00
4.903276443481445312e+01 -8.629824638366699219e+00
5.538598251342773438e+01 -7.892387866973876953e+00
5.203966522216796875e+01 1.225313949584960938e+01
4.445460891723632812e+01 -3.143568277359008789e+00
6.589161682128906250e+01 -5.516567707061767578e+00
2.281042098999023438e+01 -2.844764137268066406e+01
5.264236450195312500e+01 1.569457817077636719e+01
4.152368164062500000e+01 -1.941097259521484375e+01
4.925531387329101562e+01 -1.010313510894775391e+01
5.604541015625000000e+01 -1.110017967224121094e+01
4.618577575683593750e+01 -1.603686523437500000e+01
4.647890853881835938e+01 2.665737390518188477e+00
5.457644653320312500e+01 1.241521167755126953e+01
4.171689224243164062e+01 2.236720085144042969e+01
5.106771087646484375e+01 2.099050903320312500e+01
3.877676391601562500e+01 -7.582293987274169922e+00
4.526300430297851562e+01 -1.427946925163269043e+00
4.661462402343750000e+01 -2.035235595703125000e+01
3.245677566528320312e+01 -1.653569340705871582e+00
6.181681060791015625e+01 4.379784584045410156e+00
3.280801010131835938e+01 8.400592803955078125e+00
6.862850189208984375e+01 -1.409219741821289062e+01
4.568955993652343750e+01 -9.113498687744140625e+00
3.104580116271972656e+01 9.310669898986816406e+00
4.832062149047851562e+01 8.038633346557617188e+00
6.875842285156250000e+01 5.383209228515625000e+00
7.547700500488281250e+01 1.005069446563720703e+01
5.866348266601562500e+01 -1.864520835876464844e+01
5.139420318603515625e+01 -5.410364627838134766e+00
5.053789520263671875e+01 2.071277618408203125e+01
4.773333358764648438e+01 -6.547602176666259766e+00
6.691485595703125000e+01 -5.028450012207031250e+00
5.926473617553710938e+01 -2.417640113830566406e+01
5.233384323120117188e+01 9.416500091552734375e+00
5.145885848999023438e+01 1.051097106933593750e+01
4.350032424926757812e+01 8.245007514953613281e+00
3.287271118164062500e+01 1.795001411437988281e+01
5.212099456787109375e+01 -1.694787216186523438e+01
5.541249847412109375e+01 1.904541015625000000e+00
4.791114807128906250e+01 5.756494045257568359e+00
3.978178787231445312e+01 1.616990280151367188e+01
5.103750991821289062e+01 3.285768747329711914e+00
5.193160247802734375e+01 -8.419511795043945312e+00
3.677507781982421875e+01 -5.202068328857421875e+00
4.941066360473632812e+01 -2.401679992675781250e+01
6.436729431152343750e+01 1.314843940734863281e+01
5.670043563842773438e+01 1.050587415695190430e+00
4.934010314941406250e+01 2.238482284545898438e+01
2.937612915039062500e+01 -6.514188289642333984e+00
4.204670715332031250e+01 1.796460747718811035e+00
3.107310676574707031e+01 1.259417152404785156e+01
5.208082199096679688e+01 9.099177360534667969e+00
6.894084930419921875e+01 -1.453459453582763672e+01
5.035927963256835938e+01 1.723400115966796875e+00
3.936544036865234375e+01 -9.980664253234863281e+00
5.279655456542968750e+01 2.191676378250122070e+00
6.104803466796875000e+01 -9.273407936096191406e+00
4.347367858886718750e+01 3.100120089948177338e-02
3.287963867187500000e+01 1.785461235046386719e+01
4.168011474609375000e+01 -1.283199214935302734e+01
6.163655471801757812e+01 1.958380126953125000e+01
3.626177978515625000e+01 -1.475476264953613281e+00
6.066368484497070312e+01 -1.799437713623046875e+01
3.879616928100585938e+01 -1.421892738342285156e+01
5.316856384277343750e+01 1.047797393798828125e+01
3.186108398437500000e+01 9.741273880004882812e+00
4.973252487182617188e+01 -2.530414962768554688e+01
4.329504776000976562e+01 9.681416511535644531e+00
5.013853454589843750e+01 4.698489665985107422e+00
4.948060607910156250e+01 -1.162163734436035156e+01
4.178004074096679688e+01 1.201644134521484375e+01
7.063351440429687500e+01 -2.219557046890258789e+00
2.986308479309082031e+01 4.579098224639892578e+00
5.731747817993164062e+01 2.514382839202880859e+00
6.150866699218750000e+01 4.275393009185791016e+00
3.727128219604492188e+01 4.575502395629882812e+00
4.584799194335937500e+01 1.712150573730468750e+01
6.025998306274414062e+01 -4.428081035614013672e+00
5.999232864379882812e+01 -1.358798027038574219e+01
3.241528320312500000e+01 -4.799952507019042969e+00
4.987997817993164062e+01 -1.740450668334960938e+01
6.193005371093750000e+01 -8.529360771179199219e+00
6.022639465332031250e+01 -1.816024780273437500e+01
4.681034469604492188e+01 3.030479812622070312e+01
6.721142578125000000e+01 -4.757433891296386719e+00
3.361601638793945312e+01 -2.345721423625946045e-01
4.781972503662109375e+01 -8.391042709350585938e+00
4.980956649780273438e+01 1.492665195465087891e+01
5.253304672241210938e+01 7.035648822784423828e+00
4.352730941772460938e+01 7.900808811187744141e+00
3.135457992553710938e+01 1.121318244934082031e+01
4.907046127319335938e+01 -2.084659576416015625e+01
4.994729232788085938e+01 -6.583204269409179688e+00
5.554887390136718750e+01 1.020158481597900391e+01
3.833435821533203125e+01 8.137284278869628906e+00
4.167979812622070312e+01 2.022264242172241211e+00
5.781385040283203125e+01 -2.147675037384033203e+00
5.573106384277343750e+01 -7.201371669769287109e+00
7.107080841064453125e+01 -4.337846279144287109e+00
5.125977706909179688e+01 -1.805328941345214844e+01
3.895995712280273438e+01 -8.747659683227539062e+00
3.823163223266601562e+01 -1.485507202148437500e+01
4.134656524658203125e+01 2.908337116241455078e+00
5.409660339355468750e+01 -1.562138080596923828e+01
3.983439254760742188e+01 6.726660728454589844e-01
4.713341140747070312e+01 6.044425964355468750e-01
5.019864273071289062e+01 -1.991418457031250000e+01
6.024097061157226562e+01 2.140937805175781250e+01
2.927424430847167969e+01 -1.551400780677795410e+00
5.030595779418945312e+01 8.915974617004394531e+00
4.265722274780273438e+01 -5.929627418518066406e-01
3.754581069946289062e+01 -1.152182102203369141e+01
6.081788253784179688e+01 -9.806432723999023438e+00
3.636912918090820312e+01 1.326362133026123047e+01
3.149894142150878906e+01 -1.432131290435791016e+01
6.453089904785156250e+01 1.169908905029296875e+01
4.209236907958984375e+01 1.910530471801757812e+01
4.982793426513671875e+01 -2.598115348815917969e+01
4.190597152709960938e+01 1.970222854614257812e+01
6.558213806152343750e+01 2.055546045303344727e+00
6.086034393310546875e+01 -1.661697387695312500e+01
3.961769866943359375e+01 -4.254089832305908203e+00
4.000395965576171875e+01 -1.064270019531250000e+01
3.664213180541992188e+01 6.675812721252441406e+00
3.039296913146972656e+01 -6.802478313446044922e+00
4.845204925537109375e+01 1.145599269866943359e+01
5.669544982910156250e+01 1.897197484970092773e+00
5.810251617431640625e+01 4.556649208068847656e+00
5.348496627807617188e+01 6.938158988952636719e+00
4.126833724975585938e+01 -8.885721206665039062e+00
4.358040237426757812e+01 1.362148475646972656e+01
5.621812438964843750e+01 3.530766010284423828e+00
6.144366836547851562e+01 1.342525672912597656e+01
4.662976837158203125e+01 -6.338534355163574219e+00
6.854604339599609375e+01 7.633949756622314453e+00
4.680355072021484375e+01 3.030673027038574219e+01
5.615151977539062500e+01 2.389986228942871094e+01
6.264551162719726562e+01 5.373143196105957031e+00
4.959207916259765625e+01 -1.268516826629638672e+01
5.667285156250000000e+01 -2.216338872909545898e+00
5.419891738891601562e+01 -1.264547705650329590e+00
5.952505493164062500e+01 1.941312599182128906e+01
3.424909973144531250e+01 1.111910057067871094e+01
5.311763763427734375e+01 -1.888789367675781250e+01
6.028371047973632812e+01 2.016186332702636719e+01
5.814491271972656250e+01 2.154488372802734375e+01
4.511168670654296875e+01 1.679713249206542969e+01
5.835784530639648438e+01 -8.020887374877929688e+00
4.552192687988281250e+01 -6.552800178527832031e+00
4.173680877685546875e+01 2.214384841918945312e+01
4.004958343505859375e+01 9.276907920837402344e+00
4.088325500488281250e+01 -3.220417976379394531e+00
3.271429061889648438e+01 -8.874912261962890625e-01
3.263673019409179688e+01 -7.825075626373291016e+00
4.885964202880859375e+01 3.499621152877807617e+00
6.506593322753906250e+01 1.330754375457763672e+01
4.908458709716796875e+01 1.058474731445312500e+01
3.850074386596679688e+01 7.574375152587890625e+00
6.822988128662109375e+01 -7.575140476226806641e+00
6.070644760131835938e+01 1.744381713867187500e+01
6.530014038085937500e+01 -1.238054752349853516e+01
6.198180007934570312e+01 1.975135207176208496e+00
7.047945404052734375e+01 -1.103380799293518066e+00
3.650663757324218750e+01 1.237322998046875000e+01
5.572975921630859375e+01 -1.477929782867431641e+01
6.064902496337890625e+01 -2.316096115112304688e+01
4.513901519775390625e+01 7.956907749176025391e-01
4.714455795288085938e+01 -2.053780937194824219e+01
4.839622116088867188e+01 1.712196350097656250e+00
5.076592636108398438e+01 -1.816031217575073242e+00
3.528828811645507812e+01 5.528837203979492188e+00
6.073352813720703125e+01 -1.093627071380615234e+01
4.074878311157226562e+01 5.928723335266113281e+00
5.207066726684570312e+01 -1.771391487121582031e+01
4.801602935791015625e+01 -8.463920950889587402e-01
5.962232971191406250e+01 4.641171693801879883e-01
5.017641067504882812e+01 1.975505828857421875e+01
5.786291885375976562e+01 2.459697341918945312e+01
4.218183898925781250e+01 -6.151465415954589844e+00
4.623086929321289062e+01 -1.273275279998779297e+01
5.442143630981445312e+01 -1.655342483520507812e+01
6.857967376708984375e+01 7.408836841583251953e+00
6.845184326171875000e+01 4.434111595153808594e+00
5.115853500366210938e+01 -1.306885433197021484e+01
6.442123413085937500e+01 -2.901746034622192383e+00
5.109814834594726562e+01 -2.518108367919921875e+00
4.289745330810546875e+01 1.222341918945312500e+01
5.975936126708984375e+01 -4.568371772766113281e+00
3.167449569702148438e+01 3.196001648902893066e-01
5.432266998291015625e+01 -1.661276578903198242e+00
3.150105285644531250e+01 -1.432004547119140625e+01
6.788105773925781250e+01 -6.887549877166748047e+00
4.984959030151367188e+01 2.795052528381347656e+00
3.165797233581542969e+01 -7.270012855529785156e+00
5.949598312377929688e+01 8.609245300292968750e+00
4.349877929687500000e+01 1.105226230621337891e+01
3.891170501708984375e+01 6.691266059875488281e+00
7.547424316406250000e+01 1.004595565795898438e+01
4.002114868164062500e+01 -1.351187229156494141e+01
6.129603576660156250e+01 2.179387474060058594e+01
6.293236923217773438e+01 -4.939993321895599365e-01
6.146095657348632812e+01 -2.378642845153808594e+01
4.760087585449218750e+01 -1.387186717987060547e+01
5.436930084228515625e+01 1.569081020355224609e+01
5.969744873046875000e+01 -1.404040813446044922e+01
6.354139328002929688e+01 -1.853259277343750000e+01
5.578786849975585938e+01 7.804614067077636719e+00
4.724194717407226562e+01 1.296646881103515625e+01
6.327394104003906250e+01 1.381532382965087891e+01
5.166651153564453125e+01 2.234917640686035156e+01
5.858961868286132812e+01 8.504211425781250000e+00
3.760840988159179688e+01 -5.939393520355224609e+00
5.754314804077148438e+01 1.287325382232666016e+01
6.233879470825195312e+01 -1.838293266296386719e+01
4.117193222045898438e+01 -1.534087467193603516e+01
4.812768173217773438e+01 -6.744280815124511719e+00
3.866432952880859375e+01 3.517307043075561523e-01
3.587211608886718750e+01 7.290769100189208984e+00
4.033066940307617188e+01 -1.396007537841796875e+01
3.291569137573242188e+01 -8.486074447631835938e+00
4.938006973266601562e+01 1.033833716064691544e-02
6.388777160644531250e+01 -1.914855122566223145e+00
